,0,1
0,45.59668822456835,-23.649531984545128
1,60.920106429946884,-17.85117678994253
2,45.8311748871641,-24.040416850417657
3,56.07604016583787,-22.52553907531907
4,63.81563975101524,-17.453577856512172
5,50.17472187467867,-21.102665375640022
6,56.05619617773136,-22.52105266566044
7,50.35816491134286,-21.06081608251171
8,50.35293559690226,-21.053435716937972
9,46.569275607574006,-24.712132273887892
10,50.4681021433485,-20.973709278344607
11,59.447731409694875,-18.789666298199307
12,50.72874280947406,-20.938355101940886
13,48.82270527514493,-25.4676662019836
14,58.17075312827821,-19.17393711737911
15,57.42872409460607,-19.14324427814006
16,50.19311538401263,-21.172639267961518
17,50.59272923275786,-21.02273265056573
18,57.78513778002683,-19.135047948609756
19,50.444420205161066,-23.9351393051658
20,44.876992712338065,-25.581765882497102
21,57.37852386018617,-19.30134916586077
22,55.92723061757596,-22.561412648977736
23,9.855381587342283,-51.276356259577625
24,17.403256779884213,-29.909867817867493
25,60.59644343031651,-18.358825017613107
26,56.71603873326636,-22.30739307949365
27,46.782280939489716,-24.816533957107914
28,46.43037195010374,-25.666709383097462
29,42.560861696217074,-25.96730662107982
30,59.25322802970132,-18.94300387872079
31,41.66806119594832,-29.324252042099268
32,34.57103254174252,-42.286754757413696
33,56.76521841397716,-19.997694969007682
34,58.95521685118936,-18.99596207456817
35,59.21845951956658,-18.942778688537683
36,60.41692396236888,-18.49953013440097
37,60.16233152275472,-18.564399238592284
38,8.488661270903116,-51.161899084911596
39,42.6440730205028,-25.964651033428012
40,57.48225178176738,-21.136407443568416
41,57.02416005738484,-19.855654208557215
42,4.241901914960807,-48.73988598822199
43,41.60926644962399,-29.325036052120566
44,44.37224229259564,-25.891235617494406
45,51.2106301912463,-20.917878006185585
46,44.830831766430265,-27.948460029306723
47,44.25948219632194,-25.626453468180323
48,43.41782773311475,-28.85866274233985
49,49.805109276506535,-24.20836783692437
50,47.54250241095118,-25.555357138471216
51,46.136388666593255,-25.589508236947992
52,53.258611220006756,-23.807151244712646
53,56.89607491378855,-20.33804842635617
54,47.68851957902119,-25.623391881721194
55,47.74807980098896,-25.72356427171476
56,43.29499347336461,-29.00324491886242
57,52.20714408172562,-24.48317434218034
58,50.93505363035938,-21.79853553952462
59,43.67896664355717,-25.948112552607046
60,49.7195272625647,-25.81875800794149
61,49.6463202285252,-23.93377919542289
62,49.03156050828227,-25.580710122022
63,41.64802085126583,-29.31724009773064
64,34.807899743977465,-42.65183089989275
65,44.510353538190074,-26.011675442262646
66,58.0648994735326,-22.572388045668415
67,7.667332270667782,-51.126001330433084
68,44.36358380748373,-26.040505584552875
69,46.092805744140236,-25.629794371252572
70,60.12852167777064,-19.804982938979652
71,60.46421391829529,-18.533895087180124
72,48.02665012189242,-26.007922361787827
73,52.79273953080683,-23.330466634802384
74,44.57918633837596,-26.047569302739067
75,49.24639136841636,-26.557753882433143
76,51.868314346626576,-21.33401137839588
77,49.146434267544265,-25.508196353790417
78,58.067450788349845,-22.535552376760155
79,28.282870534885372,-41.34812120485251
80,53.13665505817189,-23.755097936349266
81,35.05264667065936,-42.70122235526521
82,56.815755095319474,-22.67543343522332
83,44.90062425546812,-26.258121108739896
84,55.62657491794879,-24.10205951470025
85,64.26881349832378,-17.55888506616115
86,42.17230965492902,-29.473195097518342
87,43.148727129762904,-29.23905465424908
88,44.44994348427896,-28.608811344364682
89,47.684159615098324,-26.60660556715356
90,49.896044275030576,-26.319269469667667
91,45.609332119411036,-26.820356975858157
92,57.783371835828135,-21.342902008710432
93,49.356594078975974,-26.653721550032166
94,55.65281633200832,-24.171482984277308
95,8.164791179324071,-51.76530544338809
96,52.5631752004929,-23.49286795390531
97,59.84775180616037,-19.1777417866879
98,42.458810798895584,-26.007658542830775
99,51.31218606919372,-24.356816363469886
100,52.01477873395186,-25.206966576141316
101,10.085271486612081,-51.56168868546745
102,52.09714511307418,-25.184985195451556
103,28.536856245257837,-45.077537115738956
104,64.20156043275608,-17.56309513428192
105,28.930416702333726,-45.91002446080894
106,60.16533118621371,-18.818876573236626
107,16.943955262674525,-53.897262769169096
108,34.61642259679432,-42.39093205921013
109,48.02227728854898,-26.50663805444778
110,48.19438846410791,-26.42543541421104
111,50.141326095153445,-26.316968897337258
112,56.74738393511599,-22.781082790841282
113,28.617057984854295,-45.65067298368237
114,45.74172461937018,-27.102970546476374
115,52.85630611286807,-24.130920748483675
116,52.11920564326688,-21.052716924488948
117,56.00832305662181,-19.92547683542821
118,50.70070181066336,-25.300555872915528
119,37.7068760267498,-37.182640030280915
120,35.797234905547526,-43.6012113661236
121,58.254154596060054,-21.845984755045343
122,50.72411928012978,-25.92225902800111
123,50.72019936449553,-24.97815417167397
124,45.567819996471336,-26.956407697299362
125,59.152538487451324,-20.24052108354971
126,50.05960471015025,-26.31317495567654
127,44.11164098686556,-34.141053938469824
128,59.32446852338099,-20.108689925007887
129,44.19359581603319,-26.370979493643432
130,51.35331581595312,-22.174162165778867
131,63.686894743406135,-17.933893579270887
132,38.32960703609136,-36.62045262460903
133,46.422617823073395,-27.918530781567362
134,53.94606841572017,-22.650489427037602
135,51.78958102866436,-21.66062007504266
136,63.59703134304384,-18.132306331713362
137,55.9783931715092,-24.153013850397272
138,60.406459320718895,-19.797426431707997
139,46.26686124783806,-28.020663213334604
140,50.39458299758259,-26.20480308370038
141,31.537514958823422,-43.579476967495225
142,36.493133686744095,-42.74637396053322
143,58.336447913965735,-20.431305778517125
144,60.35143792337613,-19.668955289177152
145,35.18075842942718,-42.9021422129828
146,58.81435414118318,-20.384145053921095
147,53.97150673665459,-23.38507733367006
148,46.16421012761164,-28.003205300865964
149,58.208026722349395,-21.9734455622434
150,28.53630513810262,-45.92508995210641
151,55.27266329783457,-24.51744198397139
152,55.813479562372244,-20.194455866295012
153,36.60220213042506,-43.126673447923615
154,45.10546680462797,-33.266009084220634
155,52.25293699748966,-21.963348773811433
156,35.78018995866724,-43.518307322971374
157,29.418790823982263,-43.92656471280392
158,10.082224125617937,-51.633213864696565
159,30.877916105461352,-43.92341500198085
160,54.7100919047292,-20.81179909169295
161,34.07396190243947,-42.58838123054357
162,60.398925433404585,-19.779873516667333
163,54.343174083648826,-21.091106107295907
164,44.28307144865405,-34.187637066513545
165,34.99668604585319,-43.36221886298873
166,46.96630441752552,-28.38384865055445
167,44.58259548881768,-28.744878188076424
168,37.18157571961981,-38.5678828005437
169,59.49939062834148,-20.270476219870307
170,37.065594538495425,-42.92545923712915
171,44.531330560982546,-28.83687340702992
172,45.21246702008972,-35.684182365824746
173,60.4235436009868,-20.860194124996443
174,28.40155264226674,-46.6116654258896
175,52.99205808344514,-22.166568605216426
176,37.41037928004979,-37.3452935672853
177,51.256430146745856,-26.32502120640586
178,55.995812911364986,-24.301699659962313
179,53.849093189907286,-22.6200764216092
180,46.909598998298,-28.41599323438588
181,51.267575543272336,-26.23549786212685
182,33.59581881210861,-42.597623132488394
183,58.05336258304032,-22.1793917463735
184,32.15236113990199,-43.52765857673976
185,43.386013074407806,-30.36400241900504
186,49.10004516040666,-27.907623469710018
187,54.032777273257025,-22.376989856523046
188,46.06329494682125,-28.19730696500209
189,43.03952350222227,-29.573998928035813
190,43.18004842124824,-34.72692790252986
191,60.11794038263543,-20.458836811836836
192,49.40438481010649,-27.880969818681553
193,36.66032630712763,-41.623105134416654
194,44.547188056196795,-34.07990246008869
195,45.60985169506153,-35.94126039790379
196,26.17798927073625,-46.93543358190556
197,0.6774528874279856,-52.268234344322394
198,43.31709543739033,-34.75149589450864
199,43.64127351045431,-35.77466297652466
200,44.341140151226135,-30.784375330572974
201,36.39066358696315,-41.9897190426147
202,34.89419482185076,-45.23614419158842
203,56.889141124491864,-22.97731601012653
204,37.347402273071104,-37.514801969776315
205,37.20714896799687,-37.414794221029
206,43.312541976073824,-30.254387829030925
207,48.76841217885453,-28.027974352888638
208,34.47217011109388,-41.23197121224149
209,52.21194614636918,-20.382399592491502
210,-5.376622243400425,-54.913606804528335
211,45.01939912373574,-34.89532676874415
212,55.39426077281615,-26.205752060434847
213,7.797897193501639,-52.090852489495205
214,35.06456436524042,-36.504400261785435
215,35.466594399631,-43.4217942838488
216,28.540063589203147,-42.03049090405701
217,44.47157272388445,-34.36513834161551
218,54.28852466472992,-23.611084662478408
219,42.78780554291166,-34.80662498779569
220,63.80958438946762,-18.18634125480575
221,31.13915652994131,-44.01465282156559
222,52.95711692720017,-26.59897083206065
223,35.40143960489524,-45.29704683136435
224,43.31953721177727,-34.74918960562889
225,55.86507224092733,-24.366735936369757
226,29.71539490454758,-42.190250386615055
227,46.68714311436183,-28.232285222481917
228,39.95082557182254,-38.04230025938471
229,38.29418013745577,-38.76282572302295
230,47.19293684079814,-28.7154383037321
231,52.053125489355516,-22.52812520954251
232,31.121617446697737,-42.97040619424149
233,56.883395526716285,-25.00550485333355
234,30.665855130742926,-43.829730958561925
235,53.80839911336556,-25.05998597982756
236,44.037187610748,-34.363826316536816
237,35.83351755979967,-36.52642718643977
238,46.718692708280116,-32.462095489397235
239,53.204036701446405,-26.593140040027738
240,51.15969874313798,-27.19322187379009
241,51.34928085135796,-26.96123661029591
242,35.225255129635244,-45.27444253691738
243,61.178717963768214,-19.396384384494446
244,59.707006610257935,-21.631611312884207
245,44.38831395845684,-31.1975224201365
246,44.51902376003547,-30.410867376234496
247,39.60075265047403,-38.24093073611529
248,44.7375397547192,-31.10920872272109
249,51.89836082761277,-22.552434107266965
250,50.52772740203287,-29.02070737489822
251,38.69076833226652,-36.22654004470538
252,55.452083411914366,-24.562979477727303
253,29.0878606589748,-41.66535311069111
254,28.890999957918236,-46.548286617198706
255,54.084214897468485,-25.314665632834696
256,44.365460145172605,-35.265337297246205
257,59.25331431226789,-20.615141354160915
258,29.697068091627376,-42.07232707583011
259,47.80521143739328,-32.01419314946891
260,58.66105613890957,-22.494046632419945
261,54.52578683432401,-20.980828918545892
262,50.25423567386975,-28.882237626322
263,29.835471850930464,-41.988239174377874
264,59.65962495156217,-21.576047588059875
265,36.388386155937894,-43.671409836535744
266,45.250637184597444,-35.85267882048447
267,54.714987059416124,-20.84888949035752
268,31.4941870344794,-43.397542277434844
269,42.02287318751519,-36.865997160716404
270,47.64032933754188,-31.949507126851913
271,3.6111296419666052,45.375863139119716
272,44.595616901905004,-28.884403227446786
273,44.39894049146726,-31.593669746278103
274,32.05401194906571,-43.69379226014139
275,45.44044464279303,-35.448223102992706
276,23.042847334306693,-47.85171267047199
277,25.884441692344062,-52.92809885442528
278,5.054978208265379,-58.36437235304153
279,35.4057498470438,-45.41211190546437
280,43.71738849817787,-35.154796427408016
281,30.07352190292334,-43.5480594257643
282,45.23437298653,-35.07363432371067
283,45.30693994183964,-35.72078201123201
284,59.16665485879334,-23.21458252742115
285,50.88991964099932,-29.0271217665542
286,51.33424034832819,-27.04448177422709
287,63.820426424551606,-22.05593407781474
288,52.91165909034318,-26.933610238418595
289,35.87842781967584,-36.48487183092704
290,32.70175871700257,-43.638087956237456
291,45.62585034632756,-28.95666572139108
292,56.250205113049454,-24.55657578092582
293,-1.045367762058808,-58.256342146772184
294,30.42994132900701,-43.96909532274896
295,57.77706051135732,-23.369721354627703
296,40.45537293227252,-36.84935174901906
297,44.42372411156107,-31.213617528772286
298,44.861304568345666,-30.973384085135113
299,37.232305051413235,-43.004843106429206
300,46.424162604267764,-31.92040297723887
301,42.11772662044922,-34.59249966649464
302,53.45180712831031,-26.49939667463498
303,26.893270240704005,-47.23438292634268
304,37.66344742676322,-37.76274057904373
305,56.99006889638441,-26.286469836291186
306,8.07554128502662,-52.829212041530916
307,26.502038402063487,-47.183523556936564
308,52.05245353122021,-27.32723544613952
309,44.235715494521145,-35.00292889979477
310,59.42954294959732,-32.19321041525239
311,36.53668164259374,-43.927211765831814
312,46.79383852510325,-32.824197404545544
313,31.387886659395562,-44.151139363433266
314,49.2325528621848,-31.65344318456541
315,43.02752140359718,-36.18189799800274
316,26.292439232677655,-47.180589688486855
317,37.857980821208066,-37.97549947033455
318,60.84032943758524,-21.28991768217034
319,38.3667249440433,-38.68953562796899
320,46.61420271174306,-31.923455994199728
321,50.667357995452996,-29.288091336590885
322,28.86172606965816,-46.86578748989194
323,60.77681540564126,-20.3459874516496
324,60.462115696448265,-20.339561957845486
325,45.32037031585134,-35.516463742820676
326,29.94219579591474,-43.6667656283669
327,35.53898621320588,-45.79741729161305
328,36.55543946224349,-41.62197525055813
329,44.04365923736046,-30.907834690755966
330,30.17191467038367,-43.553225874651254
331,40.73133299948605,-37.13482891029553
332,38.30170349780799,-38.16708686355938
333,52.29800029271141,-22.36262662739454
334,56.88788150299142,-25.49464920347161
335,52.43831205645359,-22.2674786219734
336,36.299545287852446,-36.39140119223012
337,46.63854870742676,-29.00776766773676
338,37.45958083341297,-37.463914679939734
339,31.462771339926967,-44.11570399135063
340,62.92166608026121,-20.034093669158413
341,31.954909338644203,-44.2414971821196
342,30.14298543110771,-46.83971567660474
343,38.204713251595486,-38.75534670733734
344,50.66286691944942,-29.567155989515992
345,41.77277548434492,-37.26865105476169
346,22.649325651999792,-53.023240035379914
347,59.381699100355334,-32.353461523392646
348,56.82152763525304,-26.380141726993205
349,31.690462418639235,-44.00227272225708
350,44.573314250426584,-35.42727500413741
351,57.06851328948536,-24.780316146433442
352,45.30095379231338,-35.4686164975661
353,41.77409421319319,-37.2734667757156
354,34.988420888098865,-36.50019866107772
355,55.96753706274526,-26.645160505599648
356,35.58685701753051,-46.1678788350188
357,36.46124014681328,-45.81517637227748
358,54.94123665344004,-20.87900843001291
359,25.354664237925725,-47.31729304000652
360,32.69076571214473,-47.64095364689499
361,56.99907074105553,-24.339459758170793
362,27.622117929873472,-47.282231385042515
363,54.69403060261918,-21.034288368224136
364,64.5482779553641,-22.547038365919605
365,47.39567531092802,-32.46062716590927
366,52.43606229909811,-27.340117956823864
367,50.653125499230505,-29.33458436205231
368,1.8307087376792561,-51.81567509574279
369,46.917225373595976,-31.4189169940531
370,29.65383652206434,-41.77041417489014
371,59.1915954646692,-23.282107732103714
372,42.10822288626742,-34.91610084068531
373,-0.8846245109300799,-60.51082937426081
374,26.336999323001137,-47.34717764751281
375,-0.9957073295391122,-61.30056406867284
376,25.962643147047075,-47.28281581462538
377,55.68124366078233,-28.23883293098764
378,39.81346589155482,-38.23587182466878
379,38.74444019851474,-36.20496043632455
380,42.251286090762285,-34.82894250261022
381,47.2011880436233,-32.49711847174607
382,40.41763717056722,-39.92804056963206
383,59.22116003187597,-23.303795617915487
384,25.732589708525193,-47.27503166129765
385,41.99663227241429,-38.94244477663646
386,55.31511704722179,-27.94664080388423
387,34.73190858343139,-41.09757382186959
388,32.24616596517624,-44.06930577817915
389,36.25943396929406,-36.537954381159544
390,30.024494488933914,-42.63643544849951
391,54.04137079903869,-25.5608317958879
392,36.66415827091827,-36.95322196462635
393,46.339577695107636,-31.648193950324913
394,40.981464953161705,-38.57407390653369
395,53.58777340386995,-26.614200211040817
396,26.087221849396126,-51.632151672751164
397,35.469141918420895,-46.50541276576779
398,27.004868053330263,-47.81224526656745
399,41.127268326186865,-37.940910069147066
400,24.729269121262703,-47.08439325756445
401,-5.081465711102291,-56.236139626474824
402,38.71385064212474,-38.462938950463545
403,38.6666763092718,-38.40573777238389
404,37.073262759916396,-44.37805382948624
405,26.139460772135322,-54.25252374425969
406,36.57299713524086,-41.88028725203851
407,63.1975097249782,-18.660636465106883
408,-0.817559742042876,-61.342151259479756
409,64.17154060436904,-18.70961863253575
410,27.663962607650344,-47.480638324546234
411,47.07853054605056,-32.15524513065849
412,0.2504776664462669,-52.82858739624059
413,54.959326484717614,-20.8528880717006
414,36.94359215364314,-45.9963583156497
415,49.831082351571865,-32.003166319206734
416,38.30837538917668,-36.90874437920564
417,36.65577142336387,-44.20574621643585
418,42.21685284267298,-34.74665631182441
419,26.74248970486642,-48.11658685789244
420,50.342022809162806,-31.575365911023884
421,53.96727573305034,-21.09293588889984
422,53.533923303714296,-26.951817119407256
423,53.406889074850824,-27.10009533101268
424,50.49232656467164,-31.519571751151325
425,40.62905420962646,-39.048282173443006
426,35.62519490302933,-46.40839837235271
427,36.93185366051021,-44.47247626238972
428,53.69838502951848,-21.945914541257167
429,23.085527652796934,-53.135118430613716
430,-12.341407861883543,-55.854061786942516
431,23.42199044258311,-53.12105188910914
432,-10.100206170786082,-54.331046632462
433,53.36213771652294,-27.06549831946136
434,64.1512451211725,-19.06856818650498
435,49.78015909367768,-31.673928129975607
436,41.441357879124624,-37.7464904658347
437,-1.7123883946977334,-60.95140559304347
438,23.124744548761665,-53.02095511061773
439,46.60030093906964,-34.33424945940226
440,64.24816679620157,-18.68737992149509
441,57.31689763766907,-24.203306778258167
442,-5.42927865212123,-55.23891531673354
443,32.30656859488722,-47.951541302131766
444,35.172225108844565,-47.14244982887217
445,17.75101802368375,-53.507331578062384
446,43.12710076558381,-36.62554404609779
447,46.98489345670063,-31.270008482326254
448,37.985516594219824,-43.81276763589542
449,36.136391916687955,-36.60446381036618
450,23.781715495192795,-51.985924538452444
451,48.890426644140554,-35.01796497544584
452,38.46841537310103,-38.41858489096922
453,41.42522217253486,-38.45794829120347
454,42.06183718986764,-37.23000209361153
455,-2.0019135756760726,-61.156693953103705
456,-0.9225565410254403,-58.482969528673095
457,41.474911572933536,-38.698165539609
458,42.89293487668649,-30.35690981009376
459,64.07208538177034,-22.13862193223829
460,60.475866628170266,-23.713897752688197
461,54.22244985972769,-20.980798800978107
462,61.51580309308502,-19.43449256237399
463,27.376435344949265,-47.730332092575935
464,42.77143015187314,-30.4213783457637
465,30.567809133381374,-47.540812444587914
466,41.28594238374312,-38.44179200909315
467,64.16508036621944,-18.753918911933745
468,18.930260289730683,-53.177555305623116
469,-3.093187328392175,-59.959998907512116
470,48.36489958579953,-35.37102606158202
471,55.37798975486474,-29.261504464646958
472,32.42791718367379,-44.15857021478588
473,36.461341115166356,-46.713957111051755
474,37.05022010878893,-46.139705409305826
475,61.297294584028265,-20.920401435332238
476,37.29919013563303,-45.921519140145335
477,45.445378665469164,-37.323608305447976
478,41.22235171291235,-38.31053509360732
479,42.75029655276973,-30.444373604580242
480,36.40455690178505,-36.61868464832805
481,37.16533126413053,-46.10021190093832
482,57.23118731342458,-24.584310184376555
483,43.13331655973048,-36.73563116050161
484,64.28622900071196,-18.590141933977854
485,54.09026992008118,-31.497440158814925
486,26.226340075433548,-54.20337298098311
487,18.16574825772107,-53.4738608380814
488,0.13221530070744475,-62.469689667615285
489,23.013697641255387,-53.210311250750145
490,59.34707460978921,-32.49608732778331
491,33.28427802989358,-48.374897598419835
492,0.32592728205162896,-62.43249777633289
493,46.85984159103519,-31.594693161046937
494,40.55582204673718,-40.16341066094666
495,45.89641753276819,-36.7356522928941
496,24.253918835099235,-47.779929721010916
497,58.00978531943982,-26.7019121742033
498,61.664440250574515,-19.36086371320642
499,48.997341060659295,-35.113130035399294
500,36.748704909911176,-46.6646637808153
501,41.42587464989353,-38.09221927083618
502,26.141351487097403,-48.57953664209158
503,37.843037634941695,-39.41061474596335
504,50.55244879725298,-34.26157717937873
505,56.20680397589252,-27.480003026164756
506,45.2751253625045,-36.46437576406672
507,42.13820907990035,-38.90978229349322
508,37.54991273508406,-45.96556296853611
509,38.02678627507759,-44.69418845714349
510,24.747774742753933,-54.4576564358908
511,45.46332659304367,-37.067158627151244
512,62.44937476245833,-23.11522482259922
513,32.79031618334658,-44.14287885156417
514,25.420210861553468,-52.20693513302358
515,35.21095385338362,-47.71110944259612
516,35.26514494716097,-47.35420749966029
517,32.00529386505322,-45.035370203759186
518,55.92554985843791,-28.743676779437706
519,51.026715787358874,-31.616994875329567
520,58.72977961797417,-26.155211396793494
521,64.85362572050722,-17.720503814003816
522,55.52842288649676,-27.963389516778893
523,55.459299443431334,-28.03986496568926
524,40.91338290847329,-38.884433661336196
525,22.891439993821525,-48.03264242455846
526,58.16357883834363,-26.74806426571438
527,35.86344775661603,-36.47956698902561
528,35.61689938567618,-47.385593780107605
529,58.63551503974457,-26.029301288262698
530,12.960316289320609,-59.71188475301552
531,26.051477963776097,-54.13803431954819
532,26.016837080576117,-48.54461320692398
533,32.85699885823016,-48.374661849127314
534,59.151995335000116,-25.774728557069498
535,-1.369419140203005,-61.21786713106918
536,31.886986824141008,-49.55457504216702
537,35.24850058716429,-47.69683444922943
538,49.899294643297544,-32.50389696126131
539,29.73947998278324,-49.39446316202711
540,32.16767518952599,-45.18886158136602
541,13.22195483823619,-60.01408251327535
542,11.456720899151724,-60.346584971755036
543,63.385015407573356,-18.768617360651376
544,53.90026916397637,-31.64043547951126
545,48.8860196507454,-35.43986432423125
546,58.20198742516855,-26.708705842124765
547,17.227266745139467,-54.11451496028369
548,34.75942347359014,-47.959947540510484
549,60.79610575176369,-23.905239750359378
550,52.03492636803417,-32.1320911737935
551,37.66238582345006,-47.373297426459104
552,49.943822050105126,-35.457859433993065
553,59.3020143976476,-32.78784102554038
554,11.439628580627396,-60.563785176673505
555,25.87835026128907,-47.79484011722742
556,24.052703607908555,-51.942162971684795
557,50.07965019326136,-32.39945089646998
558,51.60294425556031,-32.095748232522155
559,0.01865424394446606,-62.545818352457054
560,42.65803850944106,-41.370566924188374
561,36.28342615007833,-36.624239298287314
562,42.241743224233275,-41.34977118474577
563,24.184442174411913,-51.764911323747704
564,25.820385276882387,-47.50690284902745
565,25.180744086310533,-52.92941373552283
566,54.031375080246555,-20.723464341476433
567,48.23956972815476,-35.565114288587324
568,24.71325313665293,-47.941257850708254
569,52.11452517495782,-33.30924055555001
570,26.09589016143925,-53.94220311440212
571,30.057222643513885,-49.73583272044732
572,49.94330867461746,-32.63264453397779
573,37.36078835313365,-47.13876578566892
574,38.19800359044016,-45.27307287265249
575,45.66424315493114,-37.21100591380468
576,50.312275388181,-32.295747043199924
577,35.92507735841741,-48.30575245564507
578,37.85782813759246,-45.96494416651714
579,42.9239737354268,-39.19105567617177
580,49.87175029536915,-32.75699309417792
581,-0.07069623745279757,-62.50511342367117
582,25.09446456912358,-52.91273373676585
583,49.03865928534613,-35.77609006201014
584,38.65482934390863,-47.730718567936506
585,48.471717203904944,-36.47535778114044
586,12.377070225076237,-60.72772276388187
587,26.356322551330454,-51.89264538908493
588,38.518775411619536,-47.722743259229084
589,25.282855236602252,-47.94728581063117
590,61.17234655799128,-23.872917469606147
591,52.23547126914539,-33.24774457041195
592,10.86935174084857,-60.525157888474844
593,28.36935708036308,-50.11724509605418
594,25.667576315834193,-55.857484292668424
595,33.03212827319326,-48.66891539763573
596,30.801538827773022,-47.6792895287615
597,51.543921622130405,-32.0361056938168
598,26.271984720543884,-51.74384854588389
599,26.425054829204065,-49.86612061226839
600,36.76925083220969,-47.688697470171114
601,41.070951057305386,-41.14107286191801
602,32.50656665417116,-48.15247351292861
603,63.128918033491125,-20.26426319055081
604,20.16722003413893,-55.3505664158968
605,58.652978434176106,-25.958332488260446
606,31.948077664200856,-45.24445761569547
607,55.683767453764304,-29.324411077837897
608,23.6597230436912,-53.50990313987832
609,25.87271865038385,-48.689518010962885
610,33.203914562035266,-48.17681002559859
611,27.68189160764715,-49.16778196649989
612,24.425917651630883,-51.626676929398506
613,50.43295382943369,-33.29721421615743
614,18.934815777248684,-57.44233341755082
615,12.021172931907714,-58.707771820146256
616,50.63568412748194,-34.72052367044175
617,18.06391548900387,-53.85793586236601
618,22.792752681825863,-48.20180733742773
619,59.255782210825046,-32.74921785015765
620,57.21539142580413,-28.008085847481592
621,52.37839250738932,-33.26446841283619
622,33.29283660481046,-48.29358668541011
623,48.94382502404137,-48.40866304867516
624,40.94833237262267,-41.09560334803506
625,40.56016974175824,-46.87699802171885
626,13.036487722964567,-63.086677558550214
627,45.554769912354125,-41.23992336183674
628,-0.022563247870447913,-62.60753677951462
629,26.66219703331664,-54.80992809960741
630,-2.277176137824979,-61.70923350734302
631,26.83754529580768,-50.088325586955875
632,-2.129932826419914,-61.87666489689623
633,53.078992076910616,-38.12975763578432
634,58.40547402883953,-27.13785749104352
635,56.80800185810696,-29.081491739169383
636,42.220098061406354,-39.28300837418681
637,23.295682172435143,-54.08614853066465
638,32.70554884622952,-49.00504358836216
639,18.114109264871807,-53.50064785178648
640,56.131464867919966,-28.9666280134076
641,58.80329422290033,-25.88886125860136
642,31.01110839039995,-48.795287265315935
643,36.69509275457085,-47.77066013581849
644,26.060690384025445,-52.141725227665745
645,-6.0862427652882705,-59.89238485578529
646,37.888225754030955,-47.439928340508665
647,31.490451743531196,-48.57998291334558
648,59.434596657251156,-25.112212005082775
649,0.45053467738133995,-62.69289735887926
650,27.29349593541685,-50.52887401995146
651,40.79182051476063,-47.11533946285973
652,59.10777056544352,-26.05781832963147
653,-1.3016998178759547,-61.31021752791334
654,63.38617563319641,-21.23994097736453
655,-0.5420648480652043,-62.83863581044288
656,45.47125277140638,-37.5883306220565
657,42.05327064154323,-41.85715617388088
658,52.159357217564214,-33.24674542208407
659,39.70861031598613,-48.066613218066195
660,39.5879569180909,-44.8092865005229
661,48.30215062105706,-36.75205592606656
662,49.183857665318094,-36.128476195919866
663,39.318906310347145,-44.71949638300658
664,52.24790356401968,-33.093307533681006
665,59.33594199514374,-32.55455266178738
666,8.05982814466109,-13.029143848026584
667,24.55610110484082,-52.995933111782556
668,25.782332202579138,-48.57249877315814
669,45.69770026247621,-41.048211779578025
670,60.48776966448483,-25.39737203228011
671,51.27104491681962,-32.16955235740762
672,33.181913574448785,-49.558093692548525
673,45.28000120090833,-41.5916210832623
674,41.804817472542304,-41.94951265469186
675,46.90523793262647,-41.4628599041592
676,50.13948854459746,-36.011462399556294
677,-3.5036837420693723,-60.654830640138485
678,25.80676298237564,-55.80461714491876
679,49.765188531213006,-36.667772095148514
680,15.5220784206281,-58.78648179297458
681,43.82618393754333,-42.24235465939563
682,41.937895279706645,-41.94512911233137
683,53.77667913533027,-31.865507361641203
684,25.48520936930634,-53.6694289835437
685,26.536745193541865,-54.55539824676408
686,47.19410970456574,-47.067028109493556
687,63.34274354165377,-20.414581260922795
688,31.507056830323222,-50.20259694602434
689,49.5014006898809,-39.16633854450807
690,30.57987128880031,-51.230678074853714
691,36.068977455567854,-48.40329840124186
692,24.741659134536306,-53.50128170986807
693,37.73900601158168,-48.936954195344725
694,23.746469745571762,-53.56126203735213
695,12.033597880320633,-58.940250255208305
696,35.18109109847926,-48.11696138864979
697,62.774004061236035,-23.349267059681658
698,31.554590822537712,-50.234077473499596
699,51.852460043523486,-32.21956598394558
700,48.84864523756435,-36.48633959463368
701,54.146624797544966,-31.562602563926866
702,28.666622254876575,-50.023703711187366
703,39.192439708707795,-48.10378018285443
704,30.57622926373626,-54.02894862489394
705,59.41134354568036,-32.76635627307314
706,-2.232601670319037,-61.84954306925261
707,24.970637751659424,-53.36744299263624
708,38.87003455655529,-45.200228272554945
709,37.983709311711884,-47.260748926742444
710,63.19273563590787,-20.374816627010294
711,50.463586718565715,-35.67935398473159
712,17.007992326688132,-54.187121796642884
713,13.349522474133588,-60.24352334774494
714,42.904534423392526,-41.53216052708907
715,50.38731116317974,-36.09937334331851
716,17.323065495460305,-61.00642316493215
717,61.33120573255914,-24.32053889796714
718,-0.23454461272615032,-62.80288157657069
719,62.80859285414937,-23.355849303838156
720,41.5290123416672,-42.53381708020002
721,38.936241949522305,-48.159402894809205
722,24.39033985123484,-53.25635527680991
723,20.504098829089124,-56.09779100833615
724,52.31607792521778,-33.31090313003424
725,27.85193882259548,-50.43098804005892
726,11.812004072150312,-60.931104491801186
727,27.859800469236955,-51.66947399906051
728,10.606747098139968,-61.24301011872071
729,53.305309884885936,-32.279283235580706
730,54.916353408255304,-34.41961448229335
731,11.0935967964628,-60.19262851743482
732,11.269233498592742,-58.57567473590113
733,56.94674768143038,-29.05458075848569
734,56.110943670734045,-29.722678017258374
735,44.54321846995504,-42.431372135125194
736,25.786726675487962,-55.80963637738876
737,10.676924592968962,-61.239293245594844
738,41.09872420979571,-45.74163779908369
739,24.243048057539617,-57.65487244087492
740,35.047234497177655,-48.642298059705844
741,48.84107889374533,-48.32994475963187
742,58.722459485350306,-27.425866908339966
743,43.262232369819664,-43.54608206079579
744,43.3125925895934,-43.18188545296177
745,40.204407113634424,-48.23542505053506
746,30.398841635000323,-52.55885971273947
747,47.16186504459062,-37.357639311457405
748,11.245453142675448,-60.58520016344936
749,23.526222782064554,-53.94161539581114
750,-1.8594848817493161,-62.51539833281291
751,39.02077320147553,-48.19266103364782
752,24.695034540858185,-52.96360511695729
753,31.76207384231325,-48.535074584895106
754,49.016167965031556,-36.555263352018315
755,64.52166618547773,-18.88178604824775
756,61.277317872369984,-25.256466881907567
757,41.936261058988045,-46.470914825710636
758,-13.150031315597571,-57.8393331382249
759,59.30403800098223,-26.455658285436286
760,41.79380819717997,-42.372454588341256
761,61.24432070842663,-24.609764163917955
762,43.17695434434834,-41.598833897490984
763,40.74003089693451,-47.508769796114834
764,50.40633563354986,-36.855612058008354
765,-5.1270530086274215,-60.21948015289788
766,13.086558885829058,-60.41764046669851
767,51.490799776954404,-35.786761318456065
768,26.49018176639644,-55.09606892842398
769,37.95346230268306,-49.55453611424807
770,13.44087321092841,-60.94683065952992
771,19.15577335597794,-55.13083541657235
772,30.02844670053942,-51.58626594298509
773,18.934942304068255,-55.03486655299691
774,46.983429508313414,-43.34662425548847
775,-2.8838572658824564,-61.288256754469074
776,47.91572366767514,-41.72104905787244
777,42.858360964033594,-41.71261303340265
778,27.597739657487228,-55.38993031763984
779,24.14221449395469,-57.74015544077875
780,32.48595586300044,-50.63845741727948
781,47.2668159035287,-47.30911529189694
782,12.588956621744135,-64.51103768967666
783,41.814027836891476,-42.119084099824235
784,50.60335740988205,-36.14296527195678
785,58.399670261818656,-28.548969919025218
786,28.566175700362056,-49.904164966645766
787,18.64790109820833,-57.898484649691824
788,60.532373169421454,-34.21062712929713
789,20.913777524585257,-56.36041270412011
790,64.29040731553782,-22.61434215667208
791,17.80513771961299,-57.07737809143698
792,27.761924214555137,-50.87700036778952
793,13.171136810242304,-63.68134005858458
794,56.30000960857194,-30.18352920555027
795,21.01761102755225,-59.23890098652783
796,53.56002966775271,-37.40148170294216
797,7.044227461354167,-19.23958734608251
798,24.61272850273869,-53.253084591483805
799,58.92814358203932,-27.816593605791642
800,30.57950377093614,-51.16089866895019
801,54.716290400240865,-34.66449559354127
802,20.88751743399116,-56.524406096993914
803,4.704623729321556,-58.88805667253821
804,50.52785661160387,-36.88473425867226
805,53.076474525911905,-41.18045583126383
806,58.86784255133687,-27.835133216609794
807,26.42685582132059,-55.39817590012413
808,40.79269810777115,-47.517217430960216
809,20.550120938602294,-56.11461534724659
810,61.22415033612655,-25.600803754946813
811,-1.871869878857196,-63.13235399443345
812,1.3512022584665633,-63.19465703426671
813,32.66120041895536,-50.868018803161014
814,64.52371935058886,-18.95937198449595
815,10.97804959362822,-58.46517031398196
816,17.22706001428981,-60.929171177325586
817,27.34326608897743,-50.529370541169484
818,17.545471127980232,-61.25251970371313
819,40.93639865447122,-48.86907872127076
820,47.349490141046246,-47.152215911337194
821,53.28948711543064,-38.03814827832569
822,58.95012182667321,-27.862045422449192
823,49.352799617658846,-37.775817077037864
824,44.925119943506466,-42.355301162614
825,23.39985418550548,-58.156205254778016
826,-0.03304560563903189,-63.087502681042665
827,31.61716364325509,-51.04443905800848
828,24.052478020302456,-57.60180466442677
829,51.03415786475775,-36.07780181579637
830,53.575434495833115,-35.389398868788405
831,50.64274146840379,-36.1211885954513
832,56.77982221987372,-39.00136257402859
833,33.27833144100329,-50.150195182057594
834,28.988242062552477,-50.45790434957914
835,42.19994995298575,-46.6285153759781
836,43.2061231196318,-41.86750540107568
837,16.932052536037173,-58.67390774754603
838,26.17940973521998,-56.014498715779084
839,6.7886236827962385,-15.989690445838608
840,28.882599772588232,-57.36654511930634
841,39.73110290550525,-48.684261936057425
842,41.64265417769283,-42.548114118715304
843,13.03273920555683,-60.85921970776639
844,58.781065519106434,-28.294381279476642
845,56.786084972580916,-30.302154593067698
846,23.979714616604703,-57.629564496876256
847,17.672578740660008,-58.340795960661524
848,38.22796087364185,-49.76393321445691
849,50.1359011827887,-38.48592571190507
850,12.86323912828446,-59.48361624231485
851,47.8340626426669,-43.24191998271639
852,39.62111541873117,-46.22705847865921
853,4.369493406043359,-59.68802643115652
854,24.08181334841753,-53.73260915433676
855,38.62073644877328,-49.57575425932637
856,49.837718295822654,-39.003539021072164
857,21.047875056989536,-56.55484398711841
858,64.3872817144274,-19.927015344746202
859,42.178508297155,-42.403370881856056
860,28.488475450672137,-57.198033145814875
861,41.77586076289648,-42.544949193134784
862,62.69793780869249,-25.24033648808506
863,53.278905188972296,-35.70757401445619
864,64.60551443101595,-18.84775032927025
865,16.922439665495155,-55.694917062294124
866,27.70640177916894,-52.6470315274246
867,13.258446315092142,-60.385648816488136
868,41.88879847509665,-46.853333622194604
869,46.83389859105327,-43.30155627364373
870,5.329818862954389,-58.27687519402172
871,28.104784694922067,-52.208380457166335
872,28.953852942032654,-53.71313564319263
873,18.76199477134349,-60.842214110844544
874,29.188359880438707,-57.03208200853422
875,44.68355537321611,-42.43999281023776
876,16.518391377310998,-58.92183224780876
877,11.43643325135977,-59.118150391579896
878,12.13819941392371,-61.22923894552742
879,50.76776272596084,-36.54354948577818
880,58.03562921187349,-28.976476448664755
881,61.13374298975108,-25.51888880645693
882,41.305044285420415,-48.92131080743505
883,13.34361720779805,-63.170397789382896
884,18.543197822301302,-54.492433130913156
885,63.7796293989076,-20.78363408431163
886,39.91080629544217,-49.856284763762034
887,47.66570185352595,-47.21324639613694
888,48.19700202770888,-48.435158547723596
889,62.5385252663402,-24.604213877555
890,13.166071340956819,-60.22568610410261
891,-15.735811367650502,-56.8432730407293
892,39.11627660678515,-52.077798043002325
893,0.4037515975920045,-64.59785085486418
894,28.606811503019305,-57.29436612279139
895,30.056459313031873,-52.2701663797456
896,12.775409290143719,-64.69296425054317
897,51.321421890655245,-35.98983481475187
898,53.25358721304597,-41.3227767266391
899,12.281130472565929,-62.02042357186812
900,22.677099318254825,-55.39317652090736
901,61.27125123152509,-25.943390074324743
902,26.296243218947318,-58.18682041528141
903,63.15173800429004,-23.623908234550406
904,38.62205283967346,-49.673786892793885
905,28.158330109003224,-52.161197185022246
906,26.18365808179994,-58.65483502320241
907,43.27487633866798,-43.82667358780091
908,5.099221020909129,-62.82184786412783
909,30.16553175818136,-52.420747144691184
910,62.688579333546606,-24.898266755835703
911,40.8962932265674,-49.337074490308005
912,23.087235282955007,-57.119143536274265
913,53.51944081542819,-37.03344710572267
914,17.011381581429777,-60.90948562929301
915,24.37474260996591,-53.53686164409222
916,50.44222533167625,-38.57626162245992
917,0.9581425317791629,-63.71032535480532
918,42.395084635593456,-42.30641776351821
919,54.404407838700415,-41.242454974031745
920,28.049436799597046,-52.40029433829779
921,41.74823986473092,-47.303165482936905
922,38.81012044803142,-52.00908477800006
923,44.657936024718204,-45.21947605994306
924,29.652161925586515,-50.95195125133182
925,51.97041881991249,-37.272296745254245
926,48.24032722014909,-41.846993132375864
927,11.773627212036857,-60.12092387712872
928,18.955342416733632,-60.836726997716845
929,17.113873392313746,-60.7518954007806
930,21.527283269758975,-56.63854256243757
931,41.723361501012654,-47.21988546437954
932,42.30114726088838,-46.67434676815037
933,22.292126582766187,-59.437596040210344
934,0.6168043666300215,-63.51929910937703
935,20.00575029815958,-55.80023681921137
936,-1.2636051937726251,-63.68403506811215
937,24.273794718888624,-58.263921449706245
938,30.21730360653314,-54.21019955253808
939,11.302364642965864,-64.22566065810655
940,30.42658096080845,-52.493215497105325
941,15.7598091747728,-61.358356172461455
942,42.66860533237237,-46.51843834850416
943,2.245257661103928,-67.65423947752731
944,38.58343051955269,-49.817621759455704
945,51.11600022478101,-38.325970317767634
946,40.10013388377174,-50.11434189168058
947,7.07195292024402,-19.575373634739943
948,22.758856506771046,-55.33916305123631
949,53.97804412968331,-35.33015735702138
950,11.459410673293744,-59.06884636617266
951,28.25637044851389,-53.164300248821824
952,22.462310476767414,-59.282815293048095
953,17.352811938140935,-58.89782883487501
954,1.4539636339130018,-67.70004059206302
955,48.29104016939222,-42.18771445883503
956,40.377218855073956,-45.469814374991294
957,42.28326787229931,-46.72341019492535
958,48.32243746571111,-41.9155315756945
959,54.39895473376062,-41.22628988998025
960,30.518037556598852,-54.48011772215094
961,0.14083311139567428,-64.2985619617341
962,11.648332203108946,-64.7910908282525
963,48.41863532939505,-41.920817169245765
964,17.42174093694052,-60.965965945407234
965,28.77070984117489,-57.29434603926255
966,51.55771879616904,-35.88997229153943
967,60.41916225729432,-34.25879023885039
968,53.51323626029333,-39.72179573225207
969,29.807415293764205,-55.67643919233659
970,53.69377686291497,-35.44227084692268
971,1.1836183137264755,-67.62007519726083
972,26.857246229397166,-55.742990637864885
973,43.68227223001129,-43.70717028962545
974,0.4606034137227927,-67.59428198637328
975,50.342814102731765,-38.59574845759978
976,58.98727985783258,-28.503491088482125
977,63.44701045662903,-24.078908050837224
978,17.524707364602836,-59.368402377991785
979,53.43280658885019,-37.96738964033487
980,35.71702454886225,-56.19268836979676
981,53.60121688082348,-37.270698829398036
982,26.302542041705834,-56.235775184989045
983,28.76624920829276,-57.123157259644486
984,42.68287483072422,-46.504043428803584
985,23.476123197586183,-58.163343455336886
986,29.61513825467685,-56.93903911729264
987,28.13175356956015,-52.53731311628408
988,23.687808458682643,-57.62424711046169
989,5.368540282097394,-58.65321457775844
990,28.52602574396512,-57.991218936769876
991,40.78866587700517,-50.44457299049602
992,15.524944458802008,-62.26886577281569
993,15.37688315305152,-60.68403822116154
994,28.661965330059733,-57.51387725365346
995,26.794381275572714,-60.12821171625204
996,46.70634621678846,-43.14391914712692
997,11.921794294581753,-66.27536929004786
998,36.73875727506717,-56.63743956754392
999,13.574959993473433,-60.964855995173906
1000,48.78462182227898,-47.62120935635077
1001,54.534057320934075,-35.09049359581947
1002,40.965594523417934,-49.67947461432157
1003,29.000176543211893,-53.2360604947993
1004,16.1661463794432,-61.740165935586724
1005,12.93326143607698,-65.80294414184485
1006,30.4275425521381,-54.927702732095206
1007,12.935809334037433,-64.82590164423787
1008,50.83044663603673,-46.44483122192581
1009,53.185953548387104,-41.34655926739328
1010,-1.4809351590122142,-63.91380776511607
1011,-6.580812133586495,-65.6403087448919
1012,-2.142433903181301,-66.52397159969193
1013,50.07227236434834,-40.49606621391325
1014,11.832810551033516,-65.98187494087763
1015,39.71300342512399,-52.25481872997531
1016,53.562676282532365,-36.537867626795006
1017,24.261250404667415,-59.43368557998323
1018,61.628636926268285,-26.874217635488666
1019,21.052016559836233,-56.88111255978747
1020,29.366394201281896,-52.64056901129007
1021,50.841004120454194,-38.049296024046804
1022,-0.8412698609082302,-64.23599071498025
1023,40.30753100609903,-49.98435721239285
1024,6.144303696667453,-17.325643851929012
1025,13.988604190443484,-61.113125100798804
1026,53.4329117889523,-36.28706920796325
1027,40.27810189929314,-50.04234819914935
1028,11.71392407847075,-64.9501153398938
1029,52.162348098623184,-37.01796836663566
1030,-6.879316953712627,-59.50433559875027
1031,21.834560618538113,-59.42962458134683
1032,-2.9682892765245565,-66.20581237689935
1033,1.0444467951757608,-67.5339823585871
1034,12.324214887009003,-62.24725287834705
1035,6.3585929297243196,-3.886607049092929
1036,46.30276770348909,-42.92511746850434
1037,17.5529131763112,-58.56644600064577
1038,-2.449075925728257,-66.25529120591357
1039,49.41301299586142,-47.898255211204784
1040,23.5443042084008,-57.73724930371425
1041,22.614321646307676,-59.820020155755564
1042,51.28369864246085,-38.36325179708896
1043,18.572629104058226,-54.116869096530266
1044,29.120729343297313,-51.80872220156035
1045,50.59711156343848,-46.609540415251246
1046,59.03543019639694,-29.493614181015154
1047,1.4382705234095032,-67.74023502913462
1048,63.79164505567896,-23.897566149152798
1049,30.998523971517997,-51.884322088773196
1050,-12.23429071606884,-61.44009181640537
1051,26.498468830757275,-56.30838529179618
1052,35.71022988949101,-56.43846871555635
1053,15.525053201889923,-60.535559001137386
1054,45.24354958455986,-45.77112838569259
1055,34.75155008752888,-55.4585038623352
1056,40.83322072176038,-49.911239620473786
1057,5.139677378372535,-62.88098301607318
1058,2.3602336722362063,-68.28529664244138
1059,34.590775100471475,-55.37116052975732
1060,42.086678283731494,-47.259526456402135
1061,50.32520334305472,-38.66888853321217
1062,26.151835939109805,-56.44618961893073
1063,64.38475509636328,-22.590154848058894
1064,11.948111517923442,-61.70297693182337
1065,53.502005750671536,-39.29811594063977
1066,26.058969394618668,-58.66551323138109
1067,-1.4913282834828412,-64.24862580751895
1068,18.111043067821875,-58.690876183075446
1069,16.740107686737545,-55.69016952278841
1070,-6.11515934194356,-66.55686100434049
1071,16.5419613599827,-61.848184455517554
1072,47.06853156191436,-48.310014719513845
1073,64.50295223565128,-20.0502905967879
1074,47.0091781472247,-43.38602763309102
1075,42.7921057011106,-46.679482981340996
1076,53.55864766756625,-40.705368999339974
1077,53.7543290628672,-41.46342490286199
1078,-12.024415303040401,-61.28957599584044
1079,-0.03965531404985114,-67.46619373500157
1080,61.68457405576132,-27.024939982663255
1081,28.870690130374815,-57.52279781350235
1082,50.53857458004088,-38.91647022541239
1083,22.063564669400645,-60.06556345177682
1084,0.17169874039596264,-64.52853496095315
1085,52.784508474001974,-44.480646857089056
1086,57.87143521463853,-39.98505726200963
1087,62.78977707278131,-24.89047707910405
1088,50.980728028910455,-37.147322387470275
1089,29.15973438883458,-57.347091976892266
1090,11.510094314077913,-59.49220628348172
1091,36.84563958560217,-56.75667004890873
1092,28.883675777895764,-57.43045614612346
1093,48.83119296246672,-41.9421932361075
1094,30.43198272786986,-54.4896969926264
1095,31.17652491029829,-54.50877480636909
1096,37.838748029475425,-57.2476460488467
1097,40.875581062778906,-50.55151700131804
1098,36.86256956890746,-56.84029044596953
1099,60.44062713675495,-27.536347953532633
1100,62.438086048532035,-26.43195169965936
1101,25.88342979205845,-60.22573026184585
1102,18.290579412773496,-64.4961961305208
1103,40.06372971034261,-52.326125811468536
1104,18.137877760497403,-64.38742264160905
1105,28.510945424538125,-52.80620917690479
1106,10.594115353380127,-58.54312824852435
1107,31.23638444695163,-61.16730857225238
1108,11.930037930108318,-65.08561109016402
1109,64.5659070961966,-19.82293963018109
1110,20.622762568822928,-62.99173710874263
1111,6.963764094076207,-18.04987347820343
1112,41.04620428160485,-50.14708266096829
1113,29.099703725771775,-53.67406686638251
1114,22.209257974278543,-59.249184181701814
1115,35.11240414012052,-56.14798580554712
1116,57.980417126390215,-39.83766468353429
1117,29.934488861329214,-53.13501265551967
1118,47.99213201157544,-47.421167093958545
1119,20.562039871508635,-62.77734845195114
1120,59.846849900232364,-28.710177891940795
1121,48.99125333269529,-47.58568149434743
1122,49.80155262701445,-41.49906760352215
1123,12.578384541541256,-62.435695020171465
1124,47.64619623226613,-48.40714229817627
1125,16.04711203229892,-62.379409431981294
1126,22.472400542627035,-59.86595014535166
1127,40.61955790188203,-50.120888298788685
1128,48.682739033776485,-42.24490336393827
1129,49.630229781268156,-42.11915950331241
1130,62.574807057021786,-26.39790266827659
1131,6.117252809106377,-64.30903202542439
1132,11.371092060454965,-63.69797133129908
1133,62.01434791918931,-26.778146133483705
1134,41.19004221617293,-50.02802600846878
1135,24.057467593437305,-59.59611031091954
1136,31.136180387125282,-54.60755335125247
1137,20.467188075853784,-57.466096411534416
1138,25.15811532379734,-59.29804165242077
1139,53.66689330289446,-41.49524795729624
1140,49.65660146464087,-42.457234667110484
1141,26.92128257628518,-59.98454112090618
1142,43.320412184878286,-47.13749068920172
1143,48.227421080309625,-47.40718452616651
1144,19.51835367015687,-61.862653657842436
1145,49.94649649048478,-41.050260362152194
1146,36.13586865636736,-57.09085391484308
1147,-6.18850026100913,-66.97971810491107
1148,48.9122813531285,-42.4446913012803
1149,-12.322597071912128,-61.15706665122307
1150,34.73391669761706,-56.95013383053082
1151,63.60456900603416,-25.533728896279808
1152,42.70005090966306,-51.31001947045645
1153,2.099409827672251,-68.31134275646495
1154,54.40607987803785,-35.36770416438266
1155,29.061623040625808,-53.94685578458995
1156,61.28267808027146,-27.679612560773215
1157,53.306805153193174,-39.72298421679008
1158,2.8933185078302146,-68.2961442059432
1159,42.62621302921266,-47.23887725164552
1160,27.028994247129805,-59.9607844961416
1161,35.58859380416448,-56.87563310490472
1162,23.092577479398333,-57.22699234089599
1163,18.339851411899346,-64.70918745391829
1164,-6.373990446701794,-65.50613522923925
1165,16.557478453999366,-62.1114006942675
1166,-13.892618993369132,-60.64841565291033
1167,40.27619781807237,-52.986627380364034
1168,-13.090963533494483,-61.249846154453785
1169,28.2700764897277,-57.102071649722554
1170,23.648854567849032,-58.82178517197305
1171,39.73887376709522,-53.07822757530042
1172,63.78802872064028,-25.4406842148507
1173,53.03278225365795,-44.5911766360376
1174,25.86112811761394,-59.15333751390193
1175,16.77043969301203,-59.52848085117828
1176,56.181693612339565,-34.464732078767
1177,31.45908885730143,-61.299201757762866
1178,21.23290992885522,-59.42201144524214
1179,29.36853764157933,-57.471100331992474
1180,51.37454522480388,-44.199657437014864
1181,36.818873717914755,-56.9561656515222
1182,17.47012180405702,-62.05695130132569
1183,13.917623924132439,-67.30275605463393
1184,17.32608345294147,-62.27252908390742
1185,41.45951409528354,-52.10534872040744
1186,34.79614442982792,-57.08878254306252
1187,-2.0706613609121107,-64.66274632770083
1188,17.007173688805103,-54.29112630987657
1189,51.353949568684236,-44.22052310497097
1190,23.592914300503093,-60.76908029986285
1191,20.138262605838587,-63.737144720929244
1192,36.97211337569238,-58.13675926498317
1193,48.617106265933025,-48.306147834821935
1194,2.547788962859582,-68.25355423783705
1195,20.184816824576828,-62.628528369205824
1196,21.417108796481273,-58.71344480975693
1197,5.8270812594000425,-17.508412287268936
1198,0.18610252226741544,-68.07721912032986
1199,26.681422757349395,-56.576176750310964
1200,3.356738615757527,-68.53489415472752
1201,-12.743787245204945,-62.898493722134546
1202,31.38156269387248,-61.187106318273194
1203,36.604459675766705,-57.44934913476758
1204,53.69105822846539,-41.68405766085615
1205,14.662098413662765,-64.62990547756993
1206,50.78308447070282,-44.317687885410066
1207,15.527348083136946,-63.69140038332962
1208,59.8049222985968,-29.34385100446506
1209,13.566669477656923,-65.27578341258436
1210,-6.007941353196444,-66.67781031033535
1211,15.591434053820969,-63.74045057494508
1212,51.250541023536655,-46.01734601955743
1213,41.83495147906442,-52.783981486829056
1214,51.03477047185072,-46.55231004684388
1215,48.699862080181624,-47.63601171805953
1216,64.47070042439859,-22.780107468791527
1217,3.441937544618363,-68.5574873659095
1218,25.08901962119462,-59.83030313916124
1219,20.130891280260904,-63.56050806736656
1220,59.72930621054036,-29.519880481151365
1221,56.09975601434277,-41.101240880260214
1222,13.048681513365999,-67.03131886146183
1223,48.57395454358052,-43.17700405179605
1224,18.7075024355643,-65.88212412509016
1225,29.762010149861464,-54.0030046245817
1226,65.16530335055212,-19.49366077095908
1227,18.667313802987753,-54.13850613336035
1228,13.218443268425483,-66.86123678495865
1229,-15.028323159074564,-59.95938359068648
1230,48.78760105603589,-43.113106040312914
1231,63.98051643008311,-24.023161336385872
1232,41.7427606186623,-52.01963185480713
1233,6.402539571453288,-57.24311776469733
1234,5.270217576948593,-66.30769378210148
1235,36.911176984337324,-57.88239613131018
1236,19.445548650148414,-65.79338747148748
1237,29.024380712747185,-53.96282757387372
1238,41.06295030558911,-50.84311349093631
1239,41.714514546680384,-52.316982153057516
1240,33.343491420625156,-70.3142192937173
1241,36.71561250581243,-57.84709351331034
1242,42.5250524555307,-51.5206803974249
1243,26.742170059706687,-60.57645377277753
1244,53.257668026675155,-42.717424383365156
1245,12.358670184551276,-67.22806923754004
1246,29.802245347753644,-57.54276842355827
1247,62.92284723784484,-26.232165214434918
1248,53.78219233471593,-46.59044342373113
1249,12.876729735397037,-67.91437886325525
1250,17.24667383269433,-62.45908689175158
1251,-0.13061444474999429,-67.67221980514756
1252,14.273270337007114,-67.49057502734695
1253,50.30205147161743,-43.68510980861336
1254,36.828875954268035,-57.839828153189465
1255,50.15944668715794,-43.65264487388829
1256,23.864227109913248,-59.6508993327706
1257,23.22337145462293,-60.00112370185408
1258,49.806504618071116,-42.59011838718719
1259,41.40468570489051,-54.332230164615645
1260,17.164076908661183,-64.59304180688002
1261,62.90842526392023,-26.15145527963131
1262,52.92321577804067,-44.399806216444645
1263,37.892034109428835,-57.70782083562489
1264,63.267460692315375,-25.659774276661015
1265,10.46559622038821,-58.46674389752515
1266,-7.7461069162400245,-65.60022905466187
1267,15.189961421047785,-64.08622971837599
1268,50.01835945636748,-41.988961172187665
1269,15.468728744538184,-63.7514672312551
1270,23.56716889191869,-60.82504917245244
1271,-2.9544295755370644,-67.36749410831219
1272,62.191298332112304,-26.82356745826095
1273,53.750963507353234,-46.436348510456256
1274,31.32106311463298,-61.2426504168694
1275,56.82957640646342,-42.25455355713129
1276,5.968484263189458,-65.50092249590557
1277,18.641499238716797,-65.98517618193695
1278,60.44090123472292,-34.18662397434838
1279,18.97398147279512,-66.62293149599564
1280,3.1778173212028653,-69.8352142608583
1281,63.44781366315271,-25.619381901218787
1282,49.8720444583714,-42.14577126746896
1283,60.756042299325905,-28.998327134870475
1284,12.37448336087789,-68.04077178823296
1285,36.79449190623165,-57.79960701537455
1286,19.751320501708616,-63.919333794210296
1287,18.00100204309043,-65.35873658682516
1288,19.6075360060456,-62.016334939021235
1289,19.394017270347558,-63.10544987567067
1290,10.495993385516035,-68.12872388182404
1291,57.269569510647806,-40.43989072938471
1292,34.51596755851921,-57.14830771722604
1293,57.76026292668338,-40.4615550200213
1294,20.50884692501941,-57.63315315874192
1295,4.263289234739912,-60.455235171767505
1296,62.76203781967096,-26.34982946813949
1297,50.6096115372992,-41.776202125072864
1298,35.11025570218489,-59.09034479737795
1299,-7.053977833691425,-65.83476840761107
1300,50.03243702298502,-42.06987795805201
1301,-28.012562048466123,-56.210245328462086
1302,40.20937877521491,-53.28375783111116
1303,-28.938517919752417,-55.200998718816
1304,2.195154743828876,-69.0808960950042
1305,65.38588745022058,-18.40304995438585
1306,29.0146017809265,-60.97456232974232
1307,30.76330149927129,-61.336118923694954
1308,50.429858021047686,-44.3553193037883
1309,24.59132270858374,-60.621763446146005
1310,53.2263347826331,-44.629724753977435
1311,-13.214853273285613,-62.36857668186826
1312,55.55399620820388,-44.32921866021224
1313,19.90749784595941,-64.2829960550268
1314,40.78589982845034,-52.62680963880626
1315,-12.448073298637706,-63.809533853543456
1316,17.103836521558808,-64.71766083254295
1317,53.6262057375219,-45.671484520044665
1318,15.190917955585334,-64.19092374254795
1319,6.5039457168065224,-57.69585787367716
1320,28.848056535371384,-61.21628532225409
1321,51.625250234917246,-44.35518289687332
1322,26.757744650478934,-60.945741027202764
1323,-3.3354803832385875,-67.6356300713671
1324,5.21037646624069,-62.75158286850304
1325,-15.250916163517477,-59.74604526348473
1326,33.212469288628576,-61.74675611818034
1327,49.506535819937405,-47.561707911189146
1328,16.761887600755557,-64.25341244740895
1329,-2.4155207472234337,-68.1723259599026
1330,33.57697368205028,-58.63405869398639
1331,63.94327165142355,-25.409344370493585
1332,10.297007890177856,-70.84727737071468
1333,20.21022113604612,-64.37284976571043
1334,-5.0084755905253635,-67.83582782863112
1335,-0.31462320899903723,-68.70278505229426
1336,14.922263797008329,-65.64371558166467
1337,5.974181506029778,-67.435253571678
1338,-30.50586038355082,-47.69228948267359
1339,20.16413481326101,-66.27293532424532
1340,10.659183144129534,-68.16857339789546
1341,5.386412910155692,-58.827967476509414
1342,5.33034862993152,-63.57546847994374
1343,39.45044619687801,-59.51382783596778
1344,16.021461501954576,-63.402156078114906
1345,-28.24423380837617,-56.07397961830005
1346,-5.605225966280263,-68.5326030431433
1347,-2.935140223044593,-67.59642999000845
1348,60.50025196517606,-40.54477453024105
1349,15.836520208756747,-63.91484629795027
1350,28.28850996796022,-62.55577837487061
1351,65.02254261755958,-18.94670136848812
1352,6.188828653163476,-57.39526656073407
1353,-12.664579835192924,-61.93883152685368
1354,37.033624331571154,-58.27240390202576
1355,19.866313254893978,-64.20287400860364
1356,20.670927846750725,-57.87221021809295
1357,57.986924869043364,-40.46709296818835
1358,13.754288869842604,-67.26588234245521
1359,10.975949924392248,-68.18850159565591
1360,53.19437093045118,-44.766854940934856
1361,5.967268736709085,-67.36258169509762
1362,28.610012914823002,-61.081274122317936
1363,65.03942369736336,-20.754508540580147
1364,25.64578825497039,-61.70047697454704
1365,18.59174228790216,-66.0754779429436
1366,-2.403117433394875,-68.18411283211991
1367,10.606646211988341,-70.21361856686121
1368,17.406054444783543,-63.34218245966389
1369,31.762330341316808,-61.571637269531806
1370,62.37988861208592,-26.621884627700084
1371,3.84649516833974,-69.30640187767614
1372,37.90991309198846,-57.9774126836649
1373,18.164173265222722,-65.95740935336842
1374,14.318573224894877,-67.73966614836255
1375,53.72428509761862,-45.958325457930115
1376,53.98478342058984,-46.68988809851651
1377,33.616313091504836,-60.2853600981707
1378,38.04594984272381,-58.935354866929714
1379,37.92155170222301,-58.89927726648145
1380,36.995340421785514,-58.28426515684655
1381,12.033882302272724,-68.67592380622305
1382,53.43237211987328,-46.925915351360814
1383,61.890294854583516,-25.472169536548698
1384,14.580591487176077,-67.73201893796404
1385,-6.467675699900976,-65.59130101456944
1386,11.884705021960308,-68.84226366858324
1387,-5.951952058299975,-68.03682159302177
1388,3.0368132175897613,6.601388952031978
1389,32.04023896187487,-62.65914505021635
1390,17.530918780199027,-62.86834430278886
1391,4.113848194947818,-59.823911182073154
1392,41.93431004081649,-54.31831906120137
1393,-0.46807972820706595,-68.8318135929104
1394,13.806590208766929,-68.81099289853849
1395,50.564529439668796,-44.85087276620692
1396,37.13278810289983,-58.43177580903349
1397,37.876562406893285,-59.54276780813277
1398,20.615683955010045,-64.48017182354461
1399,14.394205691822789,-68.65428240592537
1400,50.082640500460755,-42.379576386885326
1401,16.497569369717223,-65.93953881527406
1402,-41.40327200596015,-32.31444191207095
1403,33.365145529609975,-58.69682981821908
1404,55.799256769836084,-43.0501765040199
1405,60.35255968375167,-41.27930876650923
1406,29.056712965712375,-61.27676273543651
1407,33.37624857447717,-58.75275135559563
1408,42.101594637961874,-54.87144954180983
1409,20.119746873670426,-66.27003995638906
1410,41.9572712966792,-54.658569135036274
1411,-13.507962578074304,-62.37157855353786
1412,6.183221789004762,-67.57876238534764
1413,42.782347598254205,-51.601903342732925
1414,33.35878028577374,-60.70076243229677
1415,5.0281368194835965,-66.64381150295105
1416,55.86478384585835,-41.08760793021838
1417,-3.4556778296998316,-67.80246722098084
1418,65.40178765409343,-18.450851768706052
1419,-5.006079312437716,-68.14665622756364
1420,60.24301855280863,-40.855229602201085
1421,4.269542855939312,-6.7021863528295285
1422,61.11746064703913,-42.60681545781721
1423,3.56524765827058,-69.84680024379134
1424,17.493793625776494,-62.699721801526834
1425,-12.443117000998804,-63.89625765962997
1426,17.92968374912004,-66.5236568272459
1427,28.68527991018427,-62.701426261057634
1428,-3.4256959648873044,-67.91890609679598
1429,-45.611026552575105,-32.4176539004384
1430,53.268458180187864,-47.305222562700685
1431,14.511018814399456,-68.75784258838092
1432,54.45022221145703,-46.34627144893746
1433,60.36459265037114,-41.10514359740661
1434,60.52576508024092,-41.09778144523179
1435,54.259288226252146,-47.193828142379495
1436,61.043532011856584,-42.56999362497534
1437,14.6635547293455,-68.45039007517265
1438,32.81573076004716,-62.034655358210266
1439,13.91588299863139,-68.87907286399258
1440,-27.40131421903389,-57.623842010165134
1441,5.271339781864222,-62.816190409396086
1442,11.291891772842481,-70.84982751684994
1443,16.8265389484503,-66.96068615939328
1444,29.368396872007306,-62.50089271770801
1445,-5.6549655601995354,-67.07525214763884
1446,32.350909424867055,-62.70751658550839
1447,0.8881666917907607,-14.796374648226596
1448,56.77376519351893,-41.07850595825677
1449,3.9524475808251385,-69.71455310844415
1450,-0.8178955329516716,-13.26043164541662
1451,39.33922559277441,-59.65118011688611
1452,55.58611314510786,-44.73107472354739
1453,20.59522577633377,-64.70752392516864
1454,3.1814969289921238,-70.0228428683114
1455,49.198605104857556,-43.49655599633916
1456,-0.9619590812323703,-13.535480481913167
1457,-28.67683334087359,-56.17559926332491
1458,56.86116390885309,-40.33555256799013
1459,39.01738411932036,-61.39238738554923
1460,57.15397356640797,-42.53325222814147
1461,49.49261422784275,-42.91500763059186
1462,-5.522671129114276,-68.43463090856662
1463,-4.409679273123932,-68.77938922565241
1464,54.14751949270882,-46.74542076731437
1465,64.2542057720336,-24.184597028879782
1466,33.47108734416861,-64.25613505435972
1467,14.795792996375024,-68.9245712808045
1468,-0.26394011436981807,-69.46400163384385
1469,59.80518302545752,-41.74480993599981
1470,16.492439207964786,-65.52819951848423
1471,58.68662771487618,-41.534779916209025
1472,-39.04959295443059,-43.167220367779755
1473,12.563051986185195,-70.12161049409232
1474,34.838548615198526,-60.07675383814202
1475,3.13430207473635,-70.07192987167066
1476,20.965886793209464,-65.60071693898321
1477,59.29820214589815,-41.898745757167454
1478,10.797122701423216,-71.27644816402108
1479,42.23071598429446,-52.8508124835889
1480,14.468331494517606,-68.8915453049688
1481,14.382961829851183,-67.89540280427269
1482,32.901757985638405,-62.35256161482596
1483,31.67892079441686,-64.77147876674303
1484,37.781990645094076,-59.72877150541878
1485,29.874952333061966,-62.574353098871
1486,54.09533204830762,-46.17651803024273
1487,27.83711775667952,-63.02673576061252
1488,33.24484728622447,-58.79279167569364
1489,15.741130865412888,-66.55533096135876
1490,24.763843402220367,-61.285374134564094
1491,56.21493017567638,-41.27982145115611
1492,64.07012802978689,-25.495704216582133
1493,10.854283580066316,-71.32125064303636
1494,36.1923882861882,-60.5000696195019
1495,60.53278992761844,-42.25551635713017
1496,12.743551568709682,-70.10577988885753
1497,19.682588112618937,-66.69225121862205
1498,-0.609739685988389,-69.06665276481759
1499,11.489432997080216,-71.18367627494429
1500,38.378396025663285,-61.57484845242788
1501,65.33307453632432,-18.46377101753408
1502,0.26193342982061946,-11.172384816107275
1503,36.44318285955219,-60.65116927158331
1504,16.56933147838486,-69.69974835549365
1505,20.00322527164148,-67.34109210436756
1506,63.710671916622466,-26.208829548857913
1507,1.8106953413055291,-11.378548939871317
1508,-0.2639629283141848,-70.63009607760986
1509,33.639717681630714,-61.43948628521781
1510,54.0820814544224,-44.617419538102055
1511,28.611862597924915,-62.985294221492765
1512,33.43674705061544,-62.22194424753246
1513,5.100247824954751,-66.1212370291361
1514,1.8529447264431054,-71.24370598109776
1515,57.14162923547096,-40.39533478870464
1516,6.105018438340351,-67.66234439017869
1517,21.566729349867497,-65.62518911754964
1518,13.949896434987341,-69.71659043181683
1519,-4.728251305870601,-68.21948740867255
1520,35.822868198199956,-61.284020767600374
1521,4.009734945025949,-69.90966123617662
1522,4.357715651905497,-59.81927368946668
1523,12.762702056960155,-70.41274051099538
1524,33.58220021980874,-64.3963045200533
1525,36.89894859728764,-60.29920149889406
1526,27.589525633815775,-63.15974886899101
1527,-13.61386081139406,-62.445550160762686
1528,5.243124030432753,-64.08175809400882
1529,12.526042987028358,-69.06305508214737
1530,56.068612278954255,-44.905584959858636
1531,41.98384666584153,-54.92643604081879
1532,16.613359490712163,-67.0997673900906
1533,57.07812716695349,-42.5022330914727
1534,4.040162663512584,-69.95275177324021
1535,15.068878109542537,-68.3303476715617
1536,36.44194526070466,-60.55848414803337
1537,-29.623326157542923,-56.30919928342721
1538,15.837826791964108,-66.72505384142107
1539,17.952169804232977,-62.86489090467658
1540,6.322027542395335,-70.82270066587009
1541,-5.415425565077232,-68.13813218785137
1542,4.140801766924366,-69.91090349400551
1543,37.57683314666208,-59.8961238898023
1544,36.50755304364376,-61.418798097423505
1545,55.88062010769186,-45.61107143317949
1546,-34.199759394447824,-37.11873567297228
1547,34.28637908129287,-61.717683795039925
1548,-1.1182415936882293,-69.35923887231105
1549,30.264668517041947,-65.04575797849893
1550,57.020345037060906,-41.50723638216465
1551,35.77164580396386,-61.32105598768589
1552,65.85029909460232,-21.17777215746912
1553,41.98400665746843,-55.0952695378774
1554,1.0643779678101426,-71.58063183313894
1555,1.3228703175327314,5.9086361195372605
1556,-13.806599580329635,-62.91666962936258
1557,38.298421732248094,-61.68027269698999
1558,59.758324291697775,-41.86381025792855
1559,12.807341426850355,-69.14655121262594
1560,38.77543919364701,-60.2002584452174
1561,31.589187856547905,-64.81074113081287
1562,34.4599755991633,-61.558369292321046
1563,-1.8016547963607483,-69.54852762506553
1564,33.957505896125326,-62.0271093219576
1565,54.82331950147143,-46.81095519545935
1566,26.748181056930136,-65.60082961184493
1567,12.705665848168103,-70.80755832010416
1568,60.20689058755983,-41.60544592389346
1569,21.431804436823235,-65.67886740160174
1570,59.390730216527544,-42.53785984372296
1571,15.958556127947173,-66.920329965797
1572,55.10717757862367,-46.62159334744883
1573,38.07686842871949,-60.19454664201474
1574,30.059775807939257,-65.26581617355508
1575,21.58181431247932,-65.8445853573593
1576,60.30108385028265,-41.59235139709114
1577,14.801443529361084,-71.48355494792538
1578,55.86550621284044,-43.17063188807604
1579,15.57339909027239,-69.161458380629
1580,21.647331504291262,-65.90594834794202
1581,21.449059954677786,-68.45641359521393
1582,17.053811010546188,-70.00289920065549
1583,0.1599454439174535,-11.341694940513452
1584,-29.70850909101585,-56.313278737429684
1585,2.486505075365762,-70.8877546337372
1586,11.469919831266312,-71.34196400637374
1587,19.216914944407606,-69.52473491391855
1588,57.24292274657071,-47.876965471176334
1589,11.1493116754108,-71.50416341715383
1590,33.22665454680034,-62.48690812480444
1591,34.50068491026693,-61.65088616366001
1592,55.455566673461874,-46.52460163526089
1593,63.929313304043326,-26.2489646692032
1594,15.493750348827593,-69.82532213968076
1595,65.54376022777426,-21.292850774207167
1596,4.442719851195178,-70.48848930955009
1597,4.12109564394173,-6.930190272974828
1598,-30.031355825962745,-56.254709206684545
1599,34.343023852838314,-61.72695902815638
1600,36.488405232884006,-61.10410928267183
1601,-34.27768956208158,-40.37197672314975
1602,16.59612085277748,-69.89270056156623
1603,56.40126305430479,-44.45384181748802
1604,11.826803458534684,-71.87924557181267
1605,11.391231538713116,-71.69571296479106
1606,34.70324761178389,-64.58959659873322
1607,33.72814248972084,-62.48742194461383
1608,20.578360334794105,-68.45277771728729
1609,38.11682918405808,-60.407137700224126
1610,21.486368197746785,-68.5093974957827
1611,1.7641904890227147,-71.54307463554859
1612,13.540615247712717,-70.44730146877878
1613,38.624619299489495,-61.760288164902626
1614,59.25310742909358,-43.61595988906134
1615,20.00284540371328,-67.96970225448166
1616,55.56502844868662,-46.54790636203145
1617,33.57508992560705,-64.84835001212714
1618,23.1405225304123,-69.0183650560473
1619,16.68836662559242,-70.11302712435051
1620,59.19171080736522,-42.83917783163163
1621,-4.733114291932472,-69.23196191938315
1622,36.80294589254933,-62.13065271471003
1623,0.007700153481110535,-70.93251734427533
1624,30.15337156642107,-65.31136972772943
1625,-29.82667881107522,-56.30308386335112
1626,7.075533174102471,-68.12263441274847
1627,2.313270970472332,-71.55663906361785
1628,-3.5971439574594473,-69.59100677393985
1629,0.20349311890506278,-71.5815692879251
1630,-15.62560143673636,-5.534375172534693
1631,27.514971645543948,-63.41613503068407
1632,17.927534464514746,-62.948398692746174
1633,56.090608218111896,-45.87642897697323
1634,-3.42763586975962,-69.67998004256589
1635,-0.22818926625827735,-71.03731891213995
1636,13.657111106353158,-71.52918690387783
1637,2.731444467354111,-70.75014073673232
1638,59.19336708682341,-43.88857850673308
1639,22.87092705312524,-69.32915680435822
1640,59.18335368105874,-42.69271495270108
1641,19.212252047370605,-70.6388175401344
1642,4.35258771466965,-60.483604682222136
1643,37.816227176290525,-62.092580935641415
1644,56.62870343906651,-45.10749899219237
1645,4.892154247191455,-65.61922744242986
1646,15.013218356528826,-71.51230019933887
1647,-4.421939696040869,-69.49969724667059
1648,37.862635795245595,-62.05903572833107
1649,23.749073911336676,-67.10494271963991
1650,38.01155927537587,-62.11273392173592
1651,-32.82011606430307,-55.36929964809958
1652,-0.15900327930369637,-71.06923182298728
1653,1.7813145051496164,-71.63598260888507
1654,20.70808886668337,-69.24237950337303
1655,12.968920329547306,-70.88318977011157
1656,6.956425212240165,-68.27363695782222
1657,57.395226066810274,-47.480662629504636
1658,5.035722467432613,-70.91735288352044
1659,1.7916929801498018,-71.61754669914242
1660,11.4841392757618,-71.78514719458579
1661,28.62455302976388,-66.0989793219203
1662,2.657700667454497,-71.46578672467899
1663,20.7217986749018,-68.71443618048266
1664,14.664125557805681,-71.60842252159516
1665,4.192162795178468,-57.81243951105611
1666,33.26103991509415,-67.40163935059311
1667,0.4058758488034574,-71.66224109904613
1668,22.576605892541412,-69.60501721289417
1669,2.265530990737174,-71.61296595268692
1670,6.333334755392479,-71.16394007767077
1671,28.681709887875176,-66.1333514577317
1672,14.847674599350917,-71.7018799618829
1673,59.317525849928785,-43.5459389670958
1674,56.38528862049411,-47.953302177577676
1675,6.982254060162397,-68.23552191756632
1676,56.130526435150564,-46.441325811515995
1677,58.1520026992612,-43.70567719742331
1678,19.815611350426966,-72.4764182121992
1679,-4.065430420667819,-69.705696757221
1680,-1.8751355290925948,-69.80017663134853
1681,32.84723550538669,-69.97876073968224
1682,35.10222020180739,-62.77160839409728
1683,66.20903620236643,-22.502799776339458
1684,19.252439742151818,-69.54429792878155
1685,37.48959528875958,-62.28895530417899
1686,59.40453545225071,-43.60135454133835
1687,28.53300939919127,-66.14115241025787
1688,19.29791457585748,-72.49152690054287
1689,56.511614521925324,-44.82372752319234
1690,19.265421761719907,-70.63591054110822
1691,36.375321713674225,-62.57523098661458
1692,35.721269877823616,-63.634936455189965
1693,-42.279487938411734,-27.105164011014658
1694,5.246044735200259,-61.0747973095622
1695,34.938690484648774,-62.49182019763709
1696,56.57715539954566,-48.29501079151981
1697,56.39362893882454,-46.673893905233335
1698,36.33815246675087,-62.36235561000796
1699,-34.01429993362221,-54.45842963076383
1700,20.40751910812416,-72.14371356666315
1701,58.17836425157735,-44.56912900317139
1702,19.138703523022123,-70.31885729611236
1703,16.795103651396314,-70.39054882257417
1704,5.489501639880576,-57.35441948731599
1705,56.06921345045563,-42.869666826666325
1706,-2.1490037781098796,6.686046290385637
1707,33.55116928842642,-67.33817857927016
1708,27.586300770673294,-66.10144693371515
1709,-41.52783722434815,-43.38083814468661
1710,59.23756341029153,-42.958582473613475
1711,29.98118760297433,-65.79885784745522
1712,-1.4780673371612905,-11.347079696282135
1713,22.960544188234923,-69.19425813417614
1714,55.628731633200914,-46.69004907455707
1715,32.37027479005442,-65.97174173379378
1716,38.793681063572535,-61.99125643359467
1717,56.726351778893246,-45.20785752253401
1718,36.45897490401962,-62.57175791092076
1719,23.021092193102223,-69.42052646397937
1720,6.882624553541433,-60.07042985866976
1721,12.987251023201395,-71.5307820540319
1722,35.03309864099565,-64.74854632604324
1723,28.607239161754087,-66.21533749791853
1724,20.38536750620484,-72.17806939760955
1725,6.326322889143956,-60.35698441062396
1726,6.198892910790227,-57.38827352769556
1727,61.285913229325715,-41.13735320344736
1728,-3.492963808617539,-69.89944653792034
1729,35.71402461402902,-63.93443841362014
1730,57.41965107778353,-47.97479719330046
1731,21.11570152832652,-72.40143848455514
1732,4.198959389625822,-72.49387232243011
1733,18.775158973789388,-70.52955102518675
1734,0.8036550442884464,-71.82319162969152
1735,36.7815668114773,-63.55672375417349
1736,15.69404640237501,-71.61356155885316
1737,-3.389016414495735,-69.95288370298536
1738,-4.0612844855014645,-1.0185436664264502
1739,20.45684074511074,-70.80853645412775
1740,57.604641851000046,-43.0309263141171
1741,22.585644890339662,-70.10012347807157
1742,20.780830010771677,-68.76596594979767
1743,57.33165806635928,-47.21532861988572
1744,34.93256525434309,-64.60280358084209
1745,59.20787380896007,-44.02379983610798
1746,5.649592246049941,-57.12470905326039
1747,13.621884613003338,-70.78490454039805
1748,33.413193621932514,-67.41795575794653
1749,13.226106813487407,-71.44558235767987
1750,38.24525465172907,-62.64420773855058
1751,5.338923786534432,-71.28295113795032
1752,20.46785786586844,-72.37981884994228
1753,-3.5101211569867763,-69.90573969224731
1754,20.992044230497605,-68.94377144811548
1755,-2.4494320232768088,-70.01861520895356
1756,26.92966503111361,-66.02476778379433
1757,5.208874253917509,-71.2851448276349
1758,-40.62434416732932,-36.801076686955106
1759,57.79481145277409,-47.40729034032444
1760,33.64685548443529,-70.28446099388795
1761,13.852174098351416,-71.83152193576124
1762,-40.2046272984444,-49.54847843140825
1763,27.271057759785265,-65.94609475510612
1764,35.12968528733546,-62.91990935083634
1765,33.541262153382654,-65.40098231856075
1766,36.67059914280158,-63.578304473915985
1767,23.06913099422869,-69.32102210225233
1768,32.940413089924114,-70.10268142448145
1769,3.235478695656846,-72.0143475977685
1770,32.40733323679303,-66.2463335184785
1771,22.014245020673957,-70.5035595588016
1772,21.351291685786375,-72.43134125105473
1773,29.84588528361729,-66.47953578408121
1774,-34.41279553208479,-57.21496053964338
1775,34.57265060724734,-66.7645110490415
1776,58.41881425278544,-46.512950076541756
1777,35.62136789585378,-63.19114458916684
1778,12.125321619201623,-72.47145674503973
1779,57.03200310289926,-45.48280684161322
1780,-3.861258120080903,-12.995342739872834
1781,6.393686401252347,-72.21617450552284
1782,-34.03526034960006,-56.7923013466456
1783,16.549904424307687,-71.8514765226081
1784,33.40340846860771,-66.75591842613402
1785,34.98009389595226,-64.81016963881945
1786,6.687047538983648,-71.94917506619989
1787,58.52991032838174,-46.43929536824419
1788,29.526502064357157,-66.81426425665013
1789,28.758661853232198,-66.58824685776833
1790,16.30577253756902,-71.79668259238466
1791,-5.74658397126235,2.8378538054263593
1792,23.09816118457405,-70.20630166052524
1793,37.71748308893338,-62.95496600989487
1794,58.610704970593595,-45.46498424240632
1795,12.799230966118921,-72.05787476589369
1796,33.114939326490614,-68.11266493820649
1797,29.775604861265393,-66.51177624702339
1798,-1.619037923539675,-11.094033750632896
1799,2.3987415580263933,-72.70956576057793
1800,6.269220597778546,-57.45572507204083
1801,56.46250536224898,-46.590924482387024
1802,2.782525185684144,-72.71237920453206
1803,15.008478910577452,-72.5910420745629
1804,20.280064034901027,-72.26638411868642
1805,15.640576081673515,-72.81362312863767
1806,20.814568375440494,-72.00645454972486
1807,66.181854616595,-22.58913231608417
1808,19.572402885404664,-71.5855748500486
1809,28.703808041157835,-66.7118135445364
1810,-3.864422197654655,-69.9843800583621
1811,56.23191213321247,-43.07287117423188
1812,-36.53376880693573,-38.6963059987666
1813,37.73468174237555,-63.10107940009564
1814,37.54915214528513,-63.314382556057176
1815,23.086420010561323,-70.46424978521054
1816,59.05708966412434,-44.26473275746475
1817,-34.35484220282965,-55.986626390659374
1818,6.144562869976687,-71.93305103538418
1819,-3.586958599121498,-70.03590488209281
1820,58.65022214286247,-45.53552348131706
1821,10.072817779062085,-74.41858850320475
1822,37.06883940375248,-63.306035798452534
1823,61.41174652932035,-41.13911874230777
1824,58.354507038023115,-45.06402925636633
1825,20.906178502707093,-70.75929402644385
1826,13.801723123852591,-73.14885175244797
1827,-34.37913626890067,-56.77797670855296
1828,58.63150521677172,-43.850399970943855
1829,28.37949533543532,-67.94936171168996
1830,3.1116799623503084,-72.16768816058118
1831,28.840814924330836,-67.3476076556605
1832,58.87020782493735,-44.58895014575066
1833,3.3614322577783806,-72.75759259845812
1834,59.18100054622254,-44.21411483998723
1835,3.9270470661144667,-78.85517992582831
1836,-5.714585384538474,-0.4030756326948726
1837,7.3099699066738495,-73.7697238489916
1838,-44.85042582241119,-12.143767483152814
1839,35.85261648839513,-63.72175092039891
1840,19.606630514807215,-71.70274734073082
1841,-34.31251150633088,-57.31804681859976
1842,-3.119738797869836,-11.352634233633852
1843,23.055871111647612,-70.4703437012324
1844,-3.236285292913865,1.0106418473874719
1845,6.118792615924855,-71.86629093073132
1846,6.731591425887757,-60.51425225899104
1847,6.270546056153536,-72.28247566569506
1848,29.06443838871694,-66.78973531392195
1849,65.94815716644293,-21.359716291415133
1850,29.974252730904293,-67.22536945028929
1851,19.398392982342486,-71.59113600512656
1852,33.67393704662659,-67.18998211109087
1853,14.768624553151378,-72.72925279156502
1854,5.329545519029711,-78.59452521190104
1855,14.866651044014707,-72.7914106563229
1856,-2.9740326697122965,-11.785439131252947
1857,20.601606930744566,-72.19006613835202
1858,16.44160976471921,-72.05310662906243
1859,36.23168892028009,-64.61209233793268
1860,37.326327247327946,-63.906606962608535
1861,-6.805922893152183,5.667607833133972
1862,15.270187359955882,-72.97268539723325
1863,4.996434048305342,-78.92833841224763
1864,66.24374670859578,-22.602960865772655
1865,2.6707902773853855,-74.44414148889264
1866,-5.8922034863731145,-0.22290563770099162
1867,16.498211959963207,-72.02261701039308
1868,2.584225977990327,-73.32844975274733
1869,6.616149513875343,-73.17662478907708
1870,57.530685608644326,-44.84913844356375
1871,65.98553891682914,-21.297796260040094
1872,3.1431876000346213,-72.30843524788455
1873,15.31781152625433,-72.98033173439578
1874,15.032067787208367,-72.79409139247207
1875,6.618306763788689,-60.26395704144977
1876,5.577823846844518,-61.37991593841141
1877,36.167120293527816,-64.15740560586015
1878,6.181182467957444,-74.18611721640266
1879,29.018650202912607,-67.14332490864895
1880,20.933865087264245,-71.35282313541465
1881,5.238853995058399,-73.65347887531622
1882,-4.26623022898604,-11.287534371382467
1883,58.58103799915263,-46.843176033972725
1884,6.548184318233146,-74.08416751865552
1885,5.881962273794079,-78.00221205169638
1886,15.793768929182109,-72.69133949480646
1887,22.634398455523517,-72.84379451298933
1888,8.405153475656855,-73.96927754063746
1889,7.218507870482618,-74.16439603175938
1890,19.326543800008935,-72.16458582587143
1891,-3.300030978777494,-11.393755877017837
1892,5.72986360945096,-74.24187733748353
1893,-34.96584372378746,-56.806546165331504
1894,28.962396374027886,-67.64899383711581
1895,-5.993592239125132,-2.573436054115022
1896,-6.5247311208663,-0.15363956164286494
1897,6.156679277590998,-77.90242556381797
1898,-34.36389727305824,-57.070141633332256
1899,29.988054511863997,-67.76597783601378
1900,6.074697868103453,-57.35833127851546
1901,7.707853012013312,-75.31131920576505
1902,4.514072205113982,-78.34213673002822
1903,30.227440947708864,-67.31048174286
1904,-36.48963480376679,-54.789813631248
1905,22.696048530837682,-72.91193847984124
1906,28.484177113311272,-68.41534043006907
1907,23.043996089590127,-72.71928321497496
1908,31.783941394236972,-69.22554703724028
1909,23.789099046696858,-72.20651494212925
1910,-45.68708256150082,-12.365899260514658
1911,5.577205936542564,-74.39025890171241
1912,2.8046467309543526,-74.35152052893955
1913,-4.304377117472192,-11.341784426560952
1914,-4.876646947997045,-10.958859451345116
1915,7.715952128446771,-75.6954630607848
1916,59.06828342206493,-45.766332051074045
1917,31.87609864829622,-68.4331927447877
1918,32.3179611911805,-69.69227025063499
1919,-38.00146062485886,-39.309214414851276
1920,5.259052553022358,-78.21088667118838
1921,6.142464374901221,-77.85351363938774
1922,5.760029060729078,-57.21922768218358
1923,-26.55693388466743,9.780482112353166
1924,27.171288518171703,-68.0521363826367
1925,58.7414735211158,-46.77591947204965
1926,22.92733242792594,-72.81778163335674
1927,34.77755077286382,-66.77118640524216
1928,4.836838363444842,-78.31479433263247
1929,6.347424673426507,-76.97420511458137
1930,33.17210351792842,-68.37076406013763
1931,58.8531954323529,-46.86934930223566
1932,29.181153972346767,-68.3019687537342
1933,5.197107907169454,-78.10727185000485
1934,4.3848159593306315,-75.81930038335027
1935,-48.7041352494745,7.516292191848036
1936,23.457958589919766,-72.59869247745938
1937,29.93676867100863,-68.7400936191894
1938,6.9806587972822545,-76.49426870527834
1939,5.277980980947047,-77.57269637576465
1940,23.407390935231223,-72.6891063749477
1941,-5.429733894681433,-10.701190521795782
1942,22.661053518556663,-72.70604256490701
1943,28.300949182680075,-69.51109785932161
1944,23.44076231554845,-72.73128504490072
1945,31.734806286279845,-68.63669041618797
1946,-4.770288673456534,-11.1305774205233
1947,29.62322267794729,-68.14718182705202
1948,7.609299200246764,-74.38207272604656
1949,59.99330359879645,-48.4637715355264
1950,8.236283978888439,-74.08722355098634
1951,60.29410455256074,-46.50583741723009
1952,31.602955377605745,-68.62329021764445
1953,4.299850780888091,-74.81714030465567
1954,7.487127220527324,-75.99750769860887
1955,59.4301557789631,-45.81299776298127
1956,-5.319956336359094,-11.819885070007002
1957,6.424269160548582,-77.71015908632943
1958,4.700555960064603,-74.45960891388812
1959,-36.84062985465756,-55.54586135981985
1960,30.20203405085028,-68.68755686499823
1961,-6.1071136680304186,13.682055854675593
1962,8.531726440180288,-74.24040670543523
1963,7.546468431985047,-75.22360243465423
1964,6.797977379853551,-60.58123687475558
1965,7.6878281565119835,-75.23531663063115
1966,3.678606215536648,-74.83430559667892
1967,4.19426413097964,-74.76291046015378
1968,6.8835090712894305,-78.05133030443838
1969,-7.7775679253825825,4.088815517985433
1970,4.962795145897336,-74.61059055854942
1971,7.346211958142772,-76.12841665962065
1972,-46.87144940319328,-4.825834887184603
1973,29.164446578439353,-69.81953241399711
1974,-4.819659583766704,-11.258768376564097
1975,-5.307767901768401,-11.402425693370535
1976,6.8928540729719225,-61.06364319586892
1977,-4.983237241189481,-11.430181107731496
1978,4.497509352492454,-75.68005718682673
1979,30.37798871626994,-69.25910903085553
1980,7.772878696183933,-75.8238912745469
1981,-36.6507956293847,-57.04219398758302
1982,4.874200269845582,-78.26982344550083
1983,-49.108015686096095,-14.88712733647124
1984,-54.62770410348911,5.166900385585643
1985,-54.6293619729272,5.221018371231786
1986,4.703628866775639,-75.82435644759235
1987,4.042617333614246,-77.15167855770608
1988,4.687250778026595,-77.71020126802138
1989,28.525755024309934,-69.95963579756305
1990,-56.16765980294373,-23.426796514559765
1991,28.45855950394691,-70.17824999332515
1992,30.498063040192143,-69.36085550793119
1993,5.506261361534973,-76.95821106410848
1994,-36.94901598723196,-55.87481623591223
1995,60.40707506052832,-46.684176812732325
1996,5.0323308386048655,-76.07796642894394
1997,4.671793131163245,-77.50310908671536
1998,-36.786901221785,-57.06037184414648
1999,-22.615855676065113,-4.913616005629143
2000,8.116631061331246,-75.95610715054858
2001,-56.229530931858,-23.39765151941455
2002,5.301875325655937,-76.89700355271266
2003,29.82659283844032,-69.67255570435262
2004,60.35885150164533,-47.43960325305727
2005,60.351808651716624,-47.42920291264734
2006,60.758043863504184,-47.960072218335284
2007,-24.605413756811274,-3.717014971021358
2008,-24.755812307498246,-3.7966655363185047
2009,3.1313150018951363,26.948292084926553
2010,60.76002590835645,-47.806180115047155
2011,-56.429030055715955,-22.776061133235473
2012,8.266841579962843,-76.01128164109983
2013,-13.716112377659835,9.871766675413275
2014,28.344385742842242,-70.58256689309448
2015,28.38112032553349,-70.41239640129042
2016,-49.930101808128384,-4.263669155981607
2017,-49.69828739073006,-4.208294280211177
2018,7.258206766392375,-61.175759817615834
2019,-7.876727988473627,-1.1532455836231073
2020,-37.270164123339995,-56.241998214707145
2021,-63.93964185809781,4.869449783993589
2022,3.785197042613682,-75.39785827591501
2023,-54.223041694762934,15.831282399090833
2024,-44.32125035222411,31.114029915170633
2025,-64.8204002897747,5.091680609224823
2026,28.779207736176293,-70.85395183726992
2027,11.755916815709028,22.09908665172346
2028,1.9310340956918908,4.745975232759989
2029,4.439591044368761,-58.14378028689103
2030,-45.17158811028014,5.3623197780652285
2031,4.446141050714327,-60.59496326924088
2032,-16.70099523883114,-1.1990903575229888
2033,4.199750905988612,-60.9533376177402
2034,-47.400390596526464,4.777641832162438
2035,-36.82724080737643,-36.642662103399644
2036,-47.32233287930312,4.5837388461371615
2037,-47.96986287886579,4.819795775984146
2038,-35.43138114421231,-53.78760451405302
2039,-54.030120548514894,-15.747155844079359
2040,-39.55225300912336,-36.44290725651049
2041,-44.930664566267986,7.617026046146567
2042,-44.728649798667114,7.65098339447356
2043,-49.17146128007898,4.697383814622708
2044,6.86974850508396,-60.85759740464748
2045,-34.10196369236059,6.050367409256769
2046,5.941521513740251,-60.57597353030141
2047,-35.37989674555997,-56.71936457008719
2048,-20.52465614843899,-2.426108623943309
2049,-49.858848436139965,-20.834473751193098
2050,-36.59835103179474,-55.46277245162641
2051,-48.28610783441572,5.454347766970281
2052,-47.27506140737758,7.254784414929738
2053,-46.980174048234986,2.6548290596578425
2054,-40.68592503939046,8.857684391998198
2055,-41.74729873848956,8.026607830697943
2056,-51.41978308502832,5.192041055107695
2057,-48.546608913727766,5.406245327259774
2058,-41.84939557597109,8.098499622597764
2059,-33.8164168228907,5.992244152936325
2060,-50.617271923451405,4.9493225343489575
2061,-43.56338285402882,8.47959094867016
2062,-43.0002622140555,7.398190175569079
2063,-35.58028681297951,9.990615862781528
2064,33.33931697487949,-68.33887557037724
2065,-47.43109165933988,5.641147299328232
2066,-48.74135244229796,4.90672636076663
2067,-53.813257841285676,33.52300912540053
2068,-9.025491799621399,8.319994831961722
2069,-47.5827468044957,5.604816401590202
2070,-42.383475083189495,8.903999685790982
2071,-47.094915908032,7.395542933503456
2072,-43.47359895179332,7.4316232299559415
2073,-41.07882494794838,9.240410730895382
2074,-47.09353829214926,-5.370061564420781
2075,-43.04688974093254,7.457452289409906
2076,-33.43351287526284,6.129722193191305
2077,32.74948000975669,-70.16581408907886
2078,-37.79454094966539,-54.362305255219546
2079,-47.7924340216478,5.472369824121959
2080,-36.754782865168494,-56.76003470053719
2081,-51.16899477666889,5.242186688494923
2082,-43.5569428780913,8.861621228261344
2083,-7.823529093956328,1.5037642796771529
2084,-46.9819301019795,2.6726870027319816
2085,-45.22281545196399,8.027988938334902
2086,-47.798401442165236,5.670907866446714
2087,1.6600101449247686,27.410856367619676
2088,-45.87514447909561,12.987506272622031
2089,6.978179720633694,-60.21819037342435
2090,-47.16426921657901,7.243496265220333
2091,-47.85607390295003,7.563324700586198
2092,-48.23825858271327,7.731034708862744
2093,-38.1077496440208,10.041051179664615
2094,-41.571909094438816,8.31192437799214
2095,-10.035625991221584,12.76350200827611
2096,-43.10710286894151,7.406708531270918
2097,-38.91698858767002,9.931217010930483
2098,-55.07301733322101,5.631822193203091
2099,-40.655570954943954,9.253950743560164
2100,-41.42178521482492,9.33577540311586
2101,-48.801440342378605,7.629214076113369
2102,-41.54540091597977,8.12868998170463
2103,-47.77061201698365,5.527788458758253
2104,-48.25933379847788,6.219109679398035
2105,-38.030679704807284,10.08905568061533
2106,-41.61831083889006,8.387184299014956
2107,-42.539450421831745,9.037998836680467
2108,-13.642054804524333,9.969186100036197
2109,-1.7820325997124717,59.87204742107004
2110,-52.57582249968392,33.459374278544246
2111,-43.213121354733914,7.1831480368103495
2112,-43.983787680174274,9.488499666277798
2113,-34.55435002022371,14.251437628796118
2114,3.1834165040431746,27.788546621831482
2115,-35.40412085534015,14.087225121526222
2116,-51.392358809380376,33.61192029328903
2117,-55.329233105572044,5.547715776599085
2118,-54.71821129220758,6.952477021728169
2119,-9.05693702349843,14.064344142690443
2120,-34.909778261590645,10.49462566348662
2121,-60.547196841003554,6.994030667979685
2122,-55.890801809631824,-22.314295834537
2123,-46.02440213626242,9.549630814008571
2124,-55.62844127707757,-22.420798734514737
2125,-44.05533113076709,10.01978336236366
2126,-41.630668853819515,9.440471667911279
2127,-54.33685323216749,7.873236132536526
2128,-55.43944398159825,5.805648641792047
2129,-54.727772557395,7.303302670530192
2130,-50.49671664703379,38.93722564914682
2131,-45.899438847808206,9.738665159377565
2132,-55.15219488683604,24.9195073232692
2133,-53.78750188632201,9.684546811186943
2134,-46.00704654079461,40.20639335474985
2135,-53.815717500110615,34.33355074034703
2136,-25.084574891639214,-3.6860051670719614
2137,-40.772967454147704,9.813344180499431
2138,-38.34564161159096,2.257224176186717
2139,-51.357135887890536,33.61014316134119
2140,-45.891340481201745,13.17208015096955
2141,-53.05197214287193,13.265715032757225
2142,-48.846138227742166,28.486040372719096
2143,-40.37743442811059,9.66290200692914
2144,-44.5498175890654,10.120918994013001
2145,-51.10562881643604,10.044532327056906
2146,-41.90014667679342,9.729682333599293
2147,-55.39208118669142,5.747369045429897
2148,-46.023673493722626,40.2896055702697
2149,-52.89965947667117,33.05321489584972
2150,-54.452782632852944,7.753190019856456
2151,-44.616238595031675,10.270780937252956
2152,-52.55614301544363,33.347116815290676
2153,-32.01521696954448,10.894042244975054
2154,-55.496562490408024,5.885807676581449
2155,-55.14680447308938,7.140940806348032
2156,-53.18204853655742,13.451842342727414
2157,-40.1419812852378,10.386851431186864
2158,-52.92726874176731,12.786573008994027
2159,-54.73645822730095,11.69785718995191
2160,-30.433880534667445,7.597458507168865
2161,4.12119868782377,29.02940171683092
2162,-38.70213163442549,10.03215013181477
2163,-43.097044459693855,11.203084565936944
2164,-8.126339685868235,-0.5286953569506471
2165,-34.916042247227956,10.748908816227159
2166,-44.76351602414985,40.77644647600469
2167,-23.194070868531618,16.87336959086717
2168,-34.920963434608424,14.634688719996888
2169,-46.42080652968514,10.024766622818815
2170,-35.291971414637516,16.353553563438783
2171,-40.06355807293199,9.786954391153579
2172,-37.10683760903864,14.8854549494848
2173,-44.34510493640923,10.458087066467375
2174,-55.4030792895715,24.239384037549247
2175,-44.44763143849549,30.394868845712654
2176,-39.881009346689325,10.704526636439153
2177,-54.45380618418108,16.73567384173914
2178,-46.41149500494363,10.081924803738202
2179,61.299517868836425,-47.33809350600847
2180,-51.35564088033052,32.459471945517365
2181,-54.5040083772721,16.777866231956533
2182,-55.97083397984193,6.186293580480957
2183,-51.84444651891067,9.951251639886403
2184,-48.86038917327282,28.589418961068528
2185,-53.03331457852987,13.470428227263005
2186,-31.90180322136904,10.992321702318293
2187,-54.08235908406458,10.081613623164264
2188,-40.33381988546118,10.258136519170598
2189,-53.205265614211015,13.550542818014883
2190,-55.680616240593366,8.243239396963766
2191,-11.513242233767853,13.733542106027018
2192,-12.763483549139114,14.800168144646316
2193,19.846514185732094,47.00220335078805
2194,-54.744865098713205,32.25189958491423
2195,-50.59366079507874,9.984882337390188
2196,-23.094947744188257,26.773058870515353
2197,-33.522865464990915,23.03741816943577
2198,-55.326594836219975,7.153459374774252
2199,-35.25626818731986,16.405832686072074
2200,-30.549661749114648,10.328466044565317
2201,-12.456691694628795,14.7999484156321
2202,-46.89199403452339,10.411602746794973
2203,-42.33152464094475,33.033355309187286
2204,-47.20317461317019,11.185403088585865
2205,-51.76775333429991,9.749595560290349
2206,-55.53587638207711,6.992533749883163
2207,-51.62790513953934,10.065741368224625
2208,-36.87197045588861,36.26675252185056
2209,-52.92456839426938,31.602557913610934
2210,-53.944310332886076,34.40981466943167
2211,-42.99534168368175,11.318323176668322
2212,-55.738274491516954,6.427036556885431
2213,-43.86997469685997,11.617284991206121
2214,-33.48692603519593,23.568966668653005
2215,-54.47645650079255,33.489739994898805
2216,-34.40431758050216,14.73137175373955
2217,-65.37227141543123,5.082617026733674
2218,-45.38358163994813,39.790604852344494
2219,-3.0288904530995944,38.185498500220355
2220,-43.21150239173066,11.505336001334845
2221,-51.03769016818946,10.31724389588294
2222,-51.55200876124523,32.63715098439578
2223,-64.35760148759574,5.276556464318263
2224,-39.13306049673449,11.429164741987119
2225,-24.710128463570705,23.832458546436182
2226,-46.95131382340696,29.54037455932453
2227,-50.630171515621676,38.17311499376965
2228,-50.72197821073484,10.814189786336742
2229,-49.70231242028717,11.20012515723567
2230,-44.293842142633075,31.405779177726846
2231,-56.22143726342193,6.164240746780798
2232,-52.154252948614634,31.038819613300387
2233,-39.029305830761444,11.430229844517656
2234,-34.844562131552095,14.652504403160354
2235,4.526223287840109,40.75212616258618
2236,-24.57806334950264,23.804420672740108
2237,-53.165563282862585,32.651497332627365
2238,-54.269790366757064,34.37478355829291
2239,61.3623579823743,-47.44207065354987
2240,-51.649133046922444,30.933266305375923
2241,-47.442563262549186,29.343502617043935
2242,-38.359328017382936,11.623938378396327
2243,-40.688476243395826,13.428783960480745
2244,-44.47295360439509,41.21992860017626
2245,-42.271453250103754,32.9847731486227
2246,-42.13795469434611,11.602083222401447
2247,-49.494203697808445,11.455369703249271
2248,-33.985007887218636,22.438182655570575
2249,-35.10690308606574,16.492230518035843
2250,-50.48781331550458,38.288494168150606
2251,-55.475657062454076,13.858873149836063
2252,-52.83165876024858,30.443046766120776
2253,-33.25009911582964,23.533270141306158
2254,-51.95999194301063,27.76327540020703
2255,-47.417112952536236,29.266367072752697
2256,-55.46382610094741,13.018546777504964
2257,-26.111518436984586,25.908507894978705
2258,-31.793605727415983,10.982915289878372
2259,-53.06555237065242,31.44426322466093
2260,-54.71493238754053,32.303144742488506
2261,-37.3604961247225,15.298629714696188
2262,-44.923148932151065,40.43950487971833
2263,-55.80565129987709,8.43784901782417
2264,-56.49846037282647,7.806838788247559
2265,-55.799120324591534,6.7969381162783336
2266,-49.69584937230221,11.291592814629748
2267,-52.63533258928286,26.965236358309657
2268,-52.50656710085726,31.210034068629895
2269,-33.15447293829271,23.50468044660693
2270,-65.29105212027622,4.882625446276367
2271,-34.07013531546609,22.34639080375297
2272,-48.60432282317608,28.781097725397323
2273,-22.785107282166397,27.34905388927839
2274,-38.66500977383485,11.683197307666523
2275,-54.701862417109034,16.629160343429255
2276,-55.057784033668575,25.142312803063277
2277,-51.57189701033433,10.298793217853719
2278,-52.94649690888707,29.787273858785053
2279,-54.39980591235794,34.44700121154651
2280,-53.95197519706341,10.201360941570705
2281,-54.347110161136776,9.983945515378446
2282,-35.072417837345,16.54536791169939
2283,-50.42511770535489,28.31061837816575
2284,-50.311755334107744,28.328251986149578
2285,-36.684078710140916,15.333227562148442
2286,-55.667061621396954,13.803667632433637
2287,-50.71797076676813,10.907053637068644
2288,-53.167851537849714,13.265930510399258
2289,-33.83303710425922,23.000202958485595
2290,-40.997623971973155,31.119203234014737
2291,-53.03816246108012,31.242555466544314
2292,-64.77913835986543,5.888557472791771
2293,-56.32864784570308,6.153178637660581
2294,-47.09221049706793,11.481970804696413
2295,-1.2592716653121578,67.15274511384284
2296,-34.1458407587446,22.33112996438693
2297,-56.082066441104075,28.974750839944704
2298,-44.63262769958567,11.067564882814269
2299,-51.51628267988993,36.224670997685685
2300,-26.1134466370802,25.920848039142495
2301,-54.5128191537257,16.834850672533857
2302,-52.559600898290654,33.411933350057076
2303,-54.76154413003799,16.213679000072137
2304,-38.996209166780204,11.575074028885062
2305,-56.35829399521142,8.535209446799826
2306,-50.36804073099786,38.46572024571003
2307,-56.456757989090626,8.276215561289861
2308,-32.74231609509748,24.17873714343231
2309,-52.70890055202525,12.275528885303906
2310,-44.58632790796771,30.08569421818388
2311,-53.402056685342174,26.912292998497442
2312,-36.88689332460258,16.945415860767884
2313,-56.01143000797152,8.799140510685104
2314,-41.147664592977904,31.117356553233808
2315,-55.03313342601928,17.802280817560476
2316,-50.63332235902182,38.56439967981795
2317,-54.4017935857463,32.43915641319931
2318,-33.93623287275141,22.610299799084828
2319,-49.1694674718257,28.69223321976885
2320,-40.81014335002884,14.002353623534797
2321,-47.489587890431935,12.40848794618737
2322,-55.03265067390537,11.531967932649922
2323,-51.867565117241334,29.674337783778746
2324,-54.12047058918067,25.690609028442697
2325,-52.88096782641679,25.771651705210267
2326,-52.62513300784061,30.850604940415618
2327,-52.51665848559874,26.01458234838081
2328,-61.27065117478935,9.526736826628397
2329,-53.03331893773448,12.212699198768167
2330,-33.502696885340164,23.720265949205213
2331,-50.14788405165521,11.326842438051873
2332,-29.34724022070112,35.08658286564724
2333,-56.883404239084726,7.913316796696275
2334,-44.794560153945724,38.237163076924894
2335,-52.48187607693693,9.809314660982729
2336,-38.792888331439656,15.719102944995965
2337,-54.02778931620922,25.811736659814496
2338,-26.941977982385755,29.904330145383234
2339,-50.49083549686666,38.53447391501999
2340,-25.09939452327345,23.498516056648974
2341,-52.14708154718383,36.160355440169695
2342,-50.95945393497455,19.146738314559347
2343,-46.93728582404148,12.027841932394375
2344,-36.00414833387169,25.504928311651014
2345,20.650647394918856,46.766358554415184
2346,-34.60106172325725,14.769047082792934
2347,-36.80077611800928,15.713351204892767
2348,-41.15966611559033,14.031107843740003
2349,-44.7229395539683,36.6461072259008
2350,-23.009720318057084,26.794832022075784
2351,-53.14834060660896,26.810419097930772
2352,-55.020989215467246,32.26044319855559
2353,-52.77495394393155,26.80541677947636
2354,-40.99743498016277,14.00199126267422
2355,-45.00213545533838,37.355384812308415
2356,-50.15943972904737,11.278570647215647
2357,-52.26243359069106,29.022225717095036
2358,-24.998648058948106,23.493502442011017
2359,-42.90111575941627,16.022619310808324
2360,-57.032217817861856,22.037044968507868
2361,-34.86337522116272,11.129550017614534
2362,-42.59090947934334,12.176391492187973
2363,-40.97372093749459,31.27391949608803
2364,-55.273837129645216,17.887000882048955
2365,-34.53546011569299,24.192587917892784
2366,-40.732764269587186,14.559491058366216
2367,-42.76457404666311,12.102933331097356
2368,-49.49008029089943,12.638483921626092
2369,-44.02871081067627,15.78720808741462
2370,-53.081002280467274,27.003740023975695
2371,-53.71142853999751,31.652600935029707
2372,-22.77563529116435,27.640208386821776
2373,-50.15499966813279,12.580177757569901
2374,-57.01047364350211,6.95042646219839
2375,-43.85970851858683,31.884180882349934
2376,-37.200833734113274,15.86568823908921
2377,-44.39269295942177,12.066953894027447
2378,-48.89845776305665,12.95674017221142
2379,-25.84053079049028,23.620745392487358
2380,-64.66769944600973,5.866860276235344
2381,-38.915890285364604,15.704393478758691
2382,-56.800183115400245,37.22672735077558
2383,-38.53494920518866,16.324214254080506
2384,-36.425444215441885,15.226358429307792
2385,-55.54078712591416,11.944384135971248
2386,-36.08574970727753,15.313689735486644
2387,-55.45755759247254,11.733803238486715
2388,-35.76764853551459,18.6006416266515
2389,-49.493461818844715,35.59780253147923
2390,-56.53170372070464,38.489096288334665
2391,-54.65129502127811,34.57358317168029
2392,-37.56905093588977,15.626170648387207
2393,-36.24842966657352,17.92972096523494
2394,-26.130917088173515,25.957897619202754
2395,-34.14535179145951,48.098152520585145
2396,-55.57398863650232,12.84751026910596
2397,-52.67186400962576,26.139494659385285
2398,-55.57566936849425,13.510453115898104
2399,-35.79120431405658,25.203246973945948
2400,-42.72441970477891,30.70506087182808
2401,-52.453615746061644,28.382933901965703
2402,-53.0595236085476,28.174846365406264
2403,-56.95195778025307,8.423346034895584
2404,-52.0045646867507,28.235166413225986
2405,-50.33624623040925,11.38334554479351
2406,-23.783775952124792,16.52610797530517
2407,-56.823538206726525,8.895633312084943
2408,-48.82021153694212,35.55521773488517
2409,-52.502854247112644,16.67099235406585
2410,-30.831194949468678,31.017838552519155
2411,-42.95692825236707,16.06975340838228
2412,-49.75038602986236,12.952053717071012
2413,-46.66321191272451,37.9393426000101
2414,-56.25886504455849,14.417524563548849
2415,-55.429006899513006,16.404797190403258
2416,-48.85306845481919,35.60079966911926
2417,-52.57471826287826,36.10709296552142
2418,-63.51117282300041,6.0676434804200605
2419,-57.313021983596045,7.347886534889708
2420,-56.810739660727535,37.185907037808306
2421,-52.32306655508696,26.924076453523757
2422,-34.787052025119735,24.246435913202205
2423,-56.20128790221269,17.129141902263584
2424,-37.28645198601604,21.58958617313905
2425,-25.621014718739218,23.37947126168556
2426,-52.65621083972369,26.91998212380592
2427,-36.99712962923948,15.77061613237399
2428,-38.93892932199897,15.758696337999089
2429,-56.20219785039577,14.655071903973367
2430,-25.146198666418833,23.264419345714007
2431,-24.012367303771953,17.273689750094466
2432,-56.19780399011766,31.354639901882134
2433,-61.332059084584635,9.650556361896639
2434,-64.72793264427186,5.69334617645487
2435,-45.69160980648357,31.43089042947793
2436,-34.92996419773301,16.619778894992773
2437,-56.766512624026184,38.89197275787065
2438,-4.242289412863973,32.73022351959276
2439,-46.23016677773542,37.78340251838273
2440,-42.700627079712845,16.152276171073076
2441,-52.71060533837348,22.89544568318565
2442,-43.329565953407695,30.785221385875413
2443,-46.950951504114165,14.42118428470562
2444,-58.65561593860991,29.83618098049898
2445,-36.108473356245064,18.0297810581751
2446,-56.66633607275372,9.717220605966514
2447,-66.44961487091501,8.183714143864787
2448,-21.634765747818655,33.489690287644024
2449,-41.403317242129305,14.437832046264424
2450,-56.21989200612489,28.840388820758402
2451,-61.66351384572244,7.43781555771622
2452,-63.780105234822464,6.066528613822077
2453,-55.93819196658195,28.308829836350657
2454,-2.1729509929376083,44.94434264092591
2455,-55.71020790921357,11.188084828522854
2456,-52.33146474557968,28.38364420678657
2457,-52.62034445022352,16.660438366029066
2458,-37.03297474757023,21.614778723938368
2459,-65.33284112416824,6.053595433755531
2460,-4.3096043028490945,32.366115657226274
2461,-49.89804399977762,14.214448337097442
2462,-25.690981482508338,15.730618093232897
2463,-52.489610666288826,26.802233507464138
2464,-48.296420159628155,35.77893037508234
2465,-60.64184684031842,8.048490838459676
2466,-36.62314099455128,21.96818104280027
2467,-34.713131777004385,24.930528209503862
2468,-58.579353235492626,10.184463777206068
2469,-56.309019335865464,28.81348116073666
2470,-45.647456208664465,13.999060790027627
2471,-50.02723932705104,14.563341898054961
2472,-55.27271079374601,17.89946203035103
2473,-58.58691487617539,29.918052057203898
2474,-56.97060777483861,16.33155609996676
2475,-55.69839558933292,28.393660193114293
2476,-35.109803405958424,43.99441513011262
2477,-36.69600090083787,16.36658138193594
2478,-55.37804223987055,17.978374924535174
2479,-66.14771252048695,5.685450884853973
2480,-55.44066160301947,11.949728405012872
2481,-50.64392511832646,12.839760928602658
2482,-37.39206244139627,22.252388065752864
2483,-24.00395029688968,17.75144820254219
2484,-29.74964054920395,36.21010719107691
2485,-51.885747620469516,30.25402531334204
2486,-34.399080193437875,21.999161898023075
2487,-52.792751763268576,36.52686770812604
2488,-52.140916523639035,28.381681839581727
2489,-56.101012538888675,10.931312959057658
2490,-57.263270134221926,15.524663160483708
2491,-37.503037987631785,18.17264722023758
2492,-37.43018257570523,21.796835796007873
2493,-41.0458519102769,14.280983594361757
2494,-51.95995677277476,29.855200643065146
2495,-43.20512545744123,16.394626692986307
2496,-33.71627056413471,15.104097126176061
2497,-40.66045693771448,14.974960536586929
2498,-35.788903128953514,25.63335062058854
2499,-58.242999725667524,8.330679170634976
2500,-55.53316188364404,34.92308778132504
2501,-45.63653013937986,13.90538681908348
2502,-36.43214974683175,21.10888182187744
2503,-38.95507588728783,16.406551021945827
2504,-57.999479914509024,10.969004345772175
2505,-56.416934372123684,14.32701302286397
2506,-57.33085940785049,8.896552726051482
2507,-36.3468558899198,15.229920871937406
2508,-55.57319728669347,32.38248188350151
2509,-36.25973755131841,20.196888622266545
2510,-52.48941984050477,17.88570340985944
2511,-23.83450489702575,16.579407327703027
2512,-49.66397159895258,17.144899975313027
2513,-28.2962048382942,29.344024829385553
2514,-23.800171116166748,16.535979205685987
2515,-45.04120503776587,15.659361729048275
2516,-53.27848779284352,24.65917943835837
2517,-25.94382653408418,23.298820311863878
2518,-65.96567862547762,5.7340497445614576
2519,-30.865378795504146,30.84702296876899
2520,-55.97103035702385,31.450547615977495
2521,-58.321701789953224,8.361027863530259
2522,-55.83081798319757,10.79099411535501
2523,-52.71552233152112,26.096580557512358
2524,-57.49583505244922,31.228177275998327
2525,-54.86265823318619,36.40267679276726
2526,-45.806975152424734,37.76634261419346
2527,-47.87720166082476,16.796127276171323
2528,-57.2808571390925,15.686424145327445
2529,-51.743379567030615,30.23128267817593
2530,-56.074859240817865,17.43689279930556
2531,-61.2502640432033,9.86278765789426
2532,-61.32824157795561,9.777825295024748
2533,-31.143627010145774,31.046351004725917
2534,-57.48506541911662,8.983185186907184
2535,-60.28353361142265,26.98435459257376
2536,-38.30378391028704,48.40337082781741
2537,-61.092719834596714,8.316493570402468
2538,-35.17262286845051,25.82584854802593
2539,-49.323858104161424,35.77491140104834
2540,-56.57610994470044,26.957660272157785
2541,-58.91256880151709,29.556387615776874
2542,-11.394275773275435,64.56087078138653
2543,-36.5411996519216,20.40710098836371
2544,-40.07476852482528,30.864559093974336
2545,-36.529789669798895,21.0844214664433
2546,-40.06938764845044,30.719808906148256
2547,-58.15859161590132,10.641511405349272
2548,-57.28795367616176,39.188843556855744
2549,-11.692833843507692,64.88548016853493
2550,-52.834576566340594,36.310908771133356
2551,-53.682009468439325,35.99654066587851
2552,-56.515726870651086,38.416796837569514
2553,-43.5518422204523,16.422046871798194
2554,-25.052011277982835,16.80872523454497
2555,-56.66599166714294,38.69246727465812
2556,-50.39068918452359,17.361496411199298
2557,-23.018752867555442,29.49777934959676
2558,-57.41414752239938,9.16117313199863
2559,-65.0179922064702,7.330102851608209
2560,-50.309052645636775,17.876959156279305
2561,-52.473523194647996,16.656856726381413
2562,-36.32002065084436,21.4176960799266
2563,-55.407725777145984,17.942034732078795
2564,-39.92544738752264,16.49877954402
2565,-40.5271353608828,15.51244513968138
2566,-34.89527780997181,24.424316387685803
2567,-46.66947098930702,15.632073251246323
2568,-57.03171603516424,31.832035906991337
2569,-35.042474140693976,18.70200236245248
2570,-57.805503552973164,9.542755926971216
2571,-38.43733306711558,17.51594107621592
2572,-55.978549226275135,12.435722226756681
2573,-45.84963567763885,31.457852597222892
2574,-52.55608564953568,18.838141349468838
2575,-37.52100056211897,20.32432942758573
2576,-4.121255595214309,66.68982751784044
2577,-58.566857961370204,8.99235743729796
2578,-57.1959537548201,16.6282379820037
2579,-53.16275034256935,22.90918527755436
2580,-57.474409699740896,15.683372461294276
2581,-37.85562951894603,48.16218429270074
2582,-29.42632412103858,36.044562948423035
2583,-56.258370790771885,28.894773362657716
2584,-55.776691634445775,34.82205408991783
2585,-65.53532643852088,8.092662041441367
2586,-57.027049312212554,16.75362458920549
2587,-50.22948415202252,14.788401855811081
2588,-48.65841243482273,16.50829361368996
2589,-61.29094146829187,10.125313002455213
2590,-35.305768139541186,44.28748646562689
2591,-25.44308346171081,30.45821707394778
2592,-57.20954653481575,16.916810104088338
2593,-27.568404358343134,25.08719063676906
2594,-45.388851519212345,16.244650246018594
2595,-28.577900910343807,31.672562875874537
2596,-37.00098873881049,19.791143985949393
2597,-55.08581544445308,36.24182300840689
2598,-48.90401195531108,16.648373144198235
2599,-36.84859072922298,22.048117703779337
2600,-57.44315663905296,16.14648391571181
2601,-50.057504298120676,14.803636893058007
2602,-49.20048065318554,36.20356720427586
2603,-61.29341433977414,9.882050831940829
2604,-57.07849253705606,16.394484365651476
2605,-57.023706505521574,21.864174106352657
2606,-57.627958488906046,36.685468917418824
2607,-56.74227806182062,26.72079503825835
2608,-53.96191138432354,35.92897707413206
2609,-56.097413322118946,31.241353940467114
2610,-29.812730827218928,36.65475091841884
2611,-56.12240586551417,31.289808728559937
2612,-59.84220905135191,8.40512045996937
2613,-57.55972259271424,13.939459615635672
2614,-49.33058598416803,36.003369251184694
2615,-32.2742770015892,16.42205787075441
2616,-50.98881370943063,19.086451416820815
2617,-51.583377809470605,19.054348290285965
2618,-61.44780792698589,9.731087016746594
2619,-22.385803300853482,30.34353628742759
2620,-41.10267722204041,43.19320916367835
2621,-26.724956412607714,29.70089844967007
2622,-65.76418085301397,8.583412503515273
2623,-45.53229419372779,16.587331126599558
2624,-58.183336147837835,10.987733879974991
2625,-63.773243805773305,6.508466789262143
2626,-55.751085054587655,18.075902181077954
2627,-49.078075729710115,15.141371514266508
2628,-39.431843879434815,18.100157401599468
2629,-50.477903869409204,17.508976549558565
2630,-38.257376941739615,19.85144947839514
2631,-56.89266973333231,26.686319890906773
2632,-45.27814147432404,16.205017010084287
2633,-66.15975500073985,5.769682044615791
2634,-57.90205711169478,9.583845198386474
2635,-33.160709181066935,16.745515507244182
2636,-33.55434538339506,15.227445474508258
2637,-57.29540763660934,16.93212217372067
2638,-48.30700478762636,15.151044218388012
2639,-58.61577259615425,14.59194340562097
2640,-33.52594123954342,15.224364725293343
2641,-55.08745341840077,36.39956582398469
2642,-39.52201380913274,17.942161679950726
2643,-66.2384791326402,5.707221707160442
2644,-57.488803223068864,31.42935202524917
2645,-53.13629012316161,18.131724776891698
2646,7.010243410779938,44.83767437228179
2647,-48.757910112161284,15.19957961116376
2648,-53.72243326730673,17.943871115922683
2649,-43.594093742154406,16.654564752095887
2650,-57.05652210793609,26.67600292276925
2651,-35.141918544943,25.56135522616947
2652,-53.924343387830646,23.384551478641658
2653,-52.85247712319821,37.57512684621469
2654,-41.42910797019845,16.989592656640358
2655,-34.55048042590357,25.43939246831793
2656,-41.42420101959434,16.777956998699366
2657,-56.3575741656706,28.780034158979586
2658,-56.77455491938336,11.316400771284382
2659,-15.580770204186983,28.989068591066044
2660,-38.46050750425162,19.94174383086381
2661,-39.43368408486133,18.824369366963786
2662,-24.43717346163666,17.54767306531418
2663,-24.112027991737204,17.77999417989584
2664,-46.7135489991594,15.670422832996275
2665,-47.749964642160535,37.751264902524575
2666,-56.7215946142317,26.880803875265297
2667,-64.64995603864016,7.231791631410554
2668,-34.05415725395727,25.783017090243302
2669,-47.0245823305529,14.615442077106886
2670,-37.452089808518814,20.323055616492823
2671,-57.08694756453991,32.031444516443145
2672,-43.84782748836848,16.83510732895786
2673,-37.91592811661064,20.59239857319494
2674,-55.333355563795195,35.948268442861746
2675,-59.9206219495568,25.898001978789978
2676,-45.47149437719433,33.78895343390533
2677,-55.746386139457606,32.41310400784895
2678,-58.40878285909915,10.862785484428002
2679,-42.808081260669816,17.4210081230463
2680,-39.26424500055798,19.213160561211883
2681,-39.18893442748759,17.828591824431573
2682,-57.45378604748176,17.539320966062053
2683,-58.75397003834434,10.319923766309264
2684,-65.24354950451202,6.891029201917185
2685,-64.78636322503432,7.44586873323625
2686,-44.09864831448444,16.806647944102615
2687,-65.49971752411494,12.887407354746115
2688,-48.7392400662779,17.948512149612633
2689,-30.631808841455857,29.912058548444083
2690,-64.7442753544737,7.493484074929989
2691,-52.29565583606688,18.26963644391681
2692,-54.99622890099305,36.66032034217245
2693,-38.41626877433259,21.6085803076252
2694,-57.77781783906177,8.962164895383266
2695,-65.20310226070838,7.028805328694013
2696,-52.992817780590975,37.454854356658814
2697,-57.260056977824675,35.89920959015617
2698,-53.64493610140529,23.01865580746058
2699,-46.733249524159035,15.926689286677542
2700,-53.730031538523335,22.967688877373757
2701,-25.648932073211284,21.838899617568458
2702,-57.60377783814445,33.90516032284406
2703,-57.57319119636673,18.02906732078198
2704,-57.33027637893134,36.140327261802305
2705,-25.579720637323373,21.753292006548474
2706,-30.80961188703359,29.632786669300703
2707,-53.38379994144871,22.923225588265097
2708,-58.89912614262424,29.698958472058223
2709,-58.142609352118555,32.7439516950736
2710,-34.601069924203685,25.53607878250885
2711,-28.580533794664614,23.147296957570035
2712,-49.29739307355387,17.200320407456342
2713,-49.85135555997195,15.334415882064935
2714,-47.49356436043227,33.44597452196772
2715,-57.63940917298574,16.331124606202806
2716,-14.995642306613425,29.433705188024383
2717,-32.54365318529606,16.60329969077416
2718,-33.26283217241688,16.665083329599604
2719,-38.595435503892915,20.193002126384084
2720,-26.031632000413605,15.973221751179679
2721,-47.33054425350991,33.759321731690704
2722,-47.48153152289457,33.25813894009995
2723,-29.864417851539432,37.10678211153886
2724,-49.772358329226,19.391634506436596
2725,-25.995691717973045,21.41147032357708
2726,-45.823958289833584,16.271194405349267
2727,-37.44453791673329,19.561642377613392
2728,-23.92117192008498,18.06058418174901
2729,-57.20006716152016,36.35408279853624
2730,-36.68294548897813,22.71213457973364
2731,-24.548856257826568,17.484148344198136
2732,-55.85744554078523,28.632965291127288
2733,-58.94822662110223,39.14478110529975
2734,-60.52051488923126,27.134528668064394
2735,-40.42875230172365,17.994712821029278
2736,-56.75485877546419,27.067294923422004
2737,-64.68629217858961,13.470102142447718
2738,-59.86390621890609,27.415076587785737
2739,-59.97806125499413,25.937828574436065
2740,-58.7552877531909,10.743413266986035
2741,-48.47856963942644,16.694748519427126
2742,-24.947995310149437,21.72756777081747
2743,-28.639856633336674,23.446301631164726
2744,-25.671769955508186,16.874245636838143
2745,-52.76801852756961,19.098519655301864
2746,-48.5242098362267,33.79179182431257
2747,-24.007330917309343,20.737719254367857
2748,-20.12447937600908,30.10074266721816
2749,-56.31783420683034,21.27577995740835
2750,-60.24241722277211,27.16193394236799
2751,-45.77141574056866,33.92150079734462
2752,-48.26233692407524,15.521168145933094
2753,-58.980305468840484,14.425590387710521
2754,-53.70612768207152,37.318649937029434
2755,-43.00194504509947,17.044578414996526
2756,-59.86780307169801,8.350243284266432
2757,-50.580961268150695,15.17485525558983
2758,-58.75223357343201,10.793512510273214
2759,-60.46617406871432,38.02269113582702
2760,-53.31642328756554,37.43203023471274
2761,-58.96101709550556,15.403330014687857
2762,-60.1107680673423,25.911392154022103
2763,-45.575440107395224,16.337990576459436
2764,-65.30266186905,13.34105391916552
2765,-39.50499815695772,19.012954658196477
2766,-38.29995484721714,21.11048053449785
2767,-59.200747878534784,27.44397888613521
2768,-25.80427773532751,20.457252464959762
2769,-24.24699277456155,20.657407582149332
2770,-49.466505537219184,36.248083132506366
2771,-48.6447703049876,16.31869849517143
2772,-36.74435870858688,20.1383187017922
2773,-58.78184722567545,10.799746013865777
2774,-36.8406954372272,22.672136687364045
2775,-47.63569552092017,33.54756615519684
2776,-66.01041545321128,11.556743808576098
2777,-60.8392179451841,21.108838718925615
2778,-65.6705384632231,8.496675496347931
2779,-62.14498496099029,8.519714461589034
2780,-46.51887855817629,15.701999429418322
2781,-47.15930324767319,32.046772993184504
2782,-27.484175216941466,22.262799488402507
2783,-43.530969656208306,45.63819344040517
2784,-28.497839722890166,23.102052935970605
2785,-39.57783437779759,19.57770426456708
2786,-62.92917175457646,6.818570212545113
2787,-63.67568546031885,7.848700646335778
2788,-61.53733506131106,10.72886131233736
2789,-45.91578767030708,16.436234494904543
2790,-47.031428432689005,31.930969622877438
2791,-65.38332368371503,6.793810341634351
2792,-57.78824340245485,26.501941781523815
2793,-59.03615471843943,27.722740969213515
2794,-49.922139035748025,18.882141716834752
2795,-52.950627858348234,37.6355683017946
2796,-42.343680465525445,17.255765207904073
2797,-52.67810047259907,37.78847196028956
2798,-58.765186450074786,15.655124944180521
2799,-65.3810039839399,6.825858433718096
2800,-23.866712427536275,20.774009793520467
2801,-32.933122150335215,16.63951557669434
2802,-24.917802346930838,21.433502950924456
2803,-24.049931161065125,18.264013506557816
2804,-37.18653338429968,43.45869203965027
2805,-27.88885674860093,23.187080527213432
2806,-59.52052058968274,34.74188913122613
2807,-37.89798462571971,20.188704746647154
2808,-60.41356558060655,27.511778766954528
2809,-37.628975036738915,24.254828774542727
2810,-53.364679782939334,37.384107309213015
2811,-57.697415700324115,34.07444372415795
2812,-59.97233108207191,28.000668576311575
2813,-7.044575791292932,32.94107432299853
2814,-57.0960440904013,11.70867848020503
2815,-66.24309059418272,11.077797643778426
2816,-43.71819720949401,19.13680674554321
2817,-59.57736559539762,27.747055087016427
2818,-46.82966811244843,15.781343859774678
2819,-47.075970976273794,14.786582710924156
2820,-27.575899039103206,22.111522479858813
2821,-47.091895024641715,17.22869637328197
2822,-33.786044043103466,44.964069375350014
2823,-41.7117321196755,19.433465194885297
2824,-46.24412031477622,34.010104737808405
2825,-56.99429070178637,25.604823218184567
2826,-28.467065835348926,23.11024810079119
2827,-59.41015800297123,37.91364571087713
2828,-37.16706575330817,30.600964953638446
2829,-39.791720333590504,19.638520408154445
2830,-47.945136685010105,15.905802570675137
2831,-46.646359637007436,16.957160618792724
2832,-62.35804503925735,8.272520947214836
2833,-40.20464150297052,19.501685610735215
2834,-28.17224671634846,23.151613956055908
2835,-23.99385928569589,20.414302299669444
2836,-40.65613942778537,18.955646027333863
2837,-40.31296078499558,19.428636789552254
2838,-53.57085612080546,22.936192503902564
2839,-46.28377858379825,16.224490452595354
2840,-19.77673908110081,30.732741724384297
2841,-42.10560237453051,17.37132302901256
2842,-25.901633417366078,21.242593246979112
2843,-64.42643413223153,13.399408609033866
2844,-40.1904195457488,19.48582969293275
2845,-15.501389999623775,29.3306674661195
2846,-47.87127906149368,37.79338124462778
2847,-45.06093232296604,17.596928613102975
2848,-66.1448081983915,5.9100948831384645
2849,-65.5430485263678,8.428355441934785
2850,-62.94567856283796,6.868275038199231
2851,-24.34376377023291,20.793161417188802
2852,-24.14429271945338,17.951532248835154
2853,-31.68184590330005,18.6984745429438
2854,-59.4358247973912,39.13704575741283
2855,-40.56245182893593,18.0429563257673
2856,-39.634953153734294,19.605556100373406
2857,-18.191878100132037,29.848047433165128
2858,-59.35612807437919,39.4435377575616
2859,-30.882428553765223,29.405264093467903
2860,-58.372618190992796,9.911797977380497
2861,-57.8993703761026,18.86965007034657
2862,-61.882655549962706,19.791260183165654
2863,-54.78157700329948,37.00984361805506
2864,-57.92931181911227,17.99551044164301
2865,-58.92302722099055,13.021674160808482
2866,-28.142144591803447,23.443388621322498
2867,-39.32771937877804,20.57939316448624
2868,-62.1429320397659,13.947374599159001
2869,-58.01993114681366,17.877771080428268
2870,-62.26333715768671,8.501642149866566
2871,-44.86148563584841,17.714804101503255
2872,-24.41547320474753,20.826903106979636
2873,-34.02335049608858,26.98790278870571
2874,-58.29110737500636,36.44047285198732
2875,-57.512584968620544,26.527007892420322
2876,-25.36114642043638,20.581486461644374
2877,-40.302617079850286,19.490201240502298
2878,-44.31077784890134,17.127243944018485
2879,-59.11418237077988,10.848534987802742
2880,-40.692975157118724,19.104489515310405
2881,-46.74169563511388,32.19640643190074
2882,-59.10857898947606,16.51949256763001
2883,-49.73824421787012,20.996924625497446
2884,-58.97738181324121,27.033927295537662
2885,-21.452849920938917,66.32829726015737
2886,-44.68855358946099,17.110464981338463
2887,-66.07583641252714,11.201892790762079
2888,-56.21482305545309,20.85542193100774
2889,-43.65146711600479,19.18967416417198
2890,-36.897912230164515,20.25426442047143
2891,-59.82602164324352,18.548801618457645
2892,-59.29783116779096,29.528459835761012
2893,-19.51638627617885,30.53218528116774
2894,-65.34110389653765,13.374546724015323
2895,-59.40363411983477,39.53246439618611
2896,-59.47713149617109,38.97334782080983
2897,-49.63636326574071,21.100216663976475
2898,-61.27357607719207,21.279949946055922
2899,-58.10729826081377,36.185022867249955
2900,-64.23134649522153,13.488614894035917
2901,-38.15960790929703,23.971725637847513
2902,-30.469054410006095,19.210620598438933
2903,-65.5322111309372,7.030425601342592
2904,-46.626274587402236,32.15218239334071
2905,-60.66635444379224,25.88870706961917
2906,-42.119542961570446,19.38448883800744
2907,-45.55307532100133,14.073986499432849
2908,-62.2703710976286,13.84629179889634
2909,-43.53172783062295,19.36660261310921
2910,-31.18535669188709,28.924922860753377
2911,-53.564129042558505,37.489718579268526
2912,-58.01610061205242,34.47646751230658
2913,-13.826214151957553,65.45879205534416
2914,-60.66105954715731,31.806623831802565
2915,-58.66041654404316,26.770494021281973
2916,-60.93822774982605,26.589928924980036
2917,-56.12139477072618,20.759043346472655
2918,-32.713744404906365,26.351836838080626
2919,-30.95788699217267,29.18209940905969
2920,-59.09963763522799,16.854949362475097
2921,-28.18794524928091,23.34280103410205
2922,-58.68958026988078,38.33304250632568
2923,-59.21887084001792,12.061569549116417
2924,-59.558217846842936,39.67164931644932
2925,-47.4384306545047,15.7984203642875
2926,-59.622558167414766,36.15721997579542
2927,-62.60022370345538,7.072858519157437
2928,-27.56864877692272,16.50441742471874
2929,-41.9159055029339,19.426562358740053
2930,-57.861561497645624,26.006704920478185
2931,-60.69505432945414,32.10883372330968
2932,-58.99008700538655,38.24431007887593
2933,-60.98902146818235,24.618726156079408
2934,-24.620746841682394,16.45262654943972
2935,-23.372336278853904,20.952512333749805
2936,-59.99003325579995,15.847156906668515
2937,-24.691452526665646,21.765632316533413
2938,-49.508407974397386,20.91645594187547
2939,-59.581283853581745,35.546912818267145
2940,-62.22634763640606,23.845421271658214
2941,-61.83465920091833,11.414011994350416
2942,-59.34479994772757,11.811709191839624
2943,-64.13240467907377,14.09789357028204
2944,-18.170213416397075,37.71766679477354
2945,-27.506444987951163,40.80976587941643
2946,-59.287715495139004,37.92497727219319
2947,-62.11181861631549,19.81941481905449
2948,-63.694397113985325,25.427161567279615
2949,-66.38611933464603,9.04566809919405
2950,-18.350031951317067,37.56046701152563
2951,-48.44376012401521,25.794602786019052
2952,-64.79526146050185,14.232137915285087
2953,-60.192379382200976,14.710293646200183
2954,-60.86810779604143,28.4887149778029
2955,-59.93484332224816,28.078386548469496
2956,-57.84387044613114,35.13017645487715
2957,-48.47132299626331,15.986508045851503
2958,-40.89307197014578,19.98141465611078
2959,-59.580866557347434,29.487921756573567
2960,-57.610349600990595,34.92652642408321
2961,-63.438324268368056,14.08270658114146
2962,-58.014544401758634,35.384688081686114
2963,-36.5009202962471,22.91669752498361
2964,-48.43895000048532,25.80321677975416
2965,-65.74511206891911,10.59668024573187
2966,-44.727081295990075,18.50153603258722
2967,-59.90841729065257,16.073708417219212
2968,-41.77819172952198,54.80664968945646
2969,-31.880320962506577,55.35447384328574
2970,-17.274749691651163,30.24920327515349
2971,-31.478747353833725,18.161017521553326
2972,-26.41302123066034,17.43755957639594
2973,-16.696755250094796,30.381554936385967
2974,-60.64939843488544,28.378778115417997
2975,-60.105508110043544,14.99224783528387
2976,-29.574811912518186,16.149271658945548
2977,-59.569012274972216,39.06544621714325
2978,-62.71076180865251,8.566108520890854
2979,-63.11597965092567,25.784883674277456
2980,-48.16560289325698,20.820227865862606
2981,-60.89614293240648,33.34853580953604
2982,-59.24982128360414,16.805627391145343
2983,-26.37498285194134,17.687621930407616
2984,-17.625627581963894,30.02237988653928
2985,-60.07952791601818,28.410003390412705
2986,-25.42454460753396,17.054491936718215
2987,-62.16759993859114,14.066408269885
2988,-26.47787736677126,20.54901731385366
2989,-47.672379428624964,20.63977607415323
2990,-25.777314063758617,17.15852169377688
2991,-40.76713557136556,54.369046254570065
2992,-62.30383515925357,13.942446860897666
2993,-58.2923944283769,26.548100060945128
2994,-63.20855091489453,13.99914005786942
2995,-40.56999093260468,21.337077502927503
2996,-22.432911821068508,62.58289720508861
2997,-49.68554601118213,21.008416794609257
2998,-59.57045843032605,11.709989498244777
2999,-59.545128544246495,39.00042518551244
3000,-61.18773565191021,37.99872178267252
3001,-66.21464224615659,10.623818352066928
3002,-61.53051508331467,21.302895939204973
3003,-45.62741072783641,18.214231436428083
3004,-58.02440637625518,34.333962391907406
3005,-40.2678788932938,21.79938548168191
3006,-45.03456960707418,18.365512413466767
3007,-61.4662092910966,26.971399376152988
3008,-62.959180849678525,27.904642903494487
3009,-26.559791919187404,20.485121412924993
3010,-59.63712153633259,36.27521915105648
3011,-39.48003370008429,20.863403075827208
3012,-62.8458012643244,28.213817285789855
3013,-63.97284744571633,14.40484476982712
3014,-26.44130943540027,17.30472939878082
3015,-48.66163683225682,20.705142370653977
3016,-60.93676957008259,24.622844689582216
3017,-31.750356263119357,17.59975656311287
3018,-58.56956991329553,35.977096570529206
3019,-59.021132753398675,36.801384334966876
3020,-42.60709993392982,20.97807439652427
3021,-64.0555415528156,25.24246620472604
3022,-63.757219846510644,14.797877588554844
3023,-56.84261528703856,20.88592048561431
3024,-61.96733632395265,32.92023496346614
3025,-61.61845667927799,25.255317434593195
3026,-49.47529240836313,21.010139729995633
3027,-40.646060880517474,21.55218228074091
3028,-22.388709471499805,64.80106329958181
3029,-59.263674205869464,37.988806962150825
3030,-32.72791275117729,26.8845940532746
3031,-30.399220128118014,18.491369215246213
3032,-63.27714201550723,14.158053256755306
3033,-65.79017939330792,10.697181508271543
3034,-61.17561269778367,29.31129434937145
3035,-40.64805625326054,55.413268386342395
3036,-43.230492096522504,21.028490901060117
3037,-31.2954142753734,17.992826174030657
3038,-48.27777524167683,20.40715802367147
3039,-48.98821661659315,22.087016743583476
3040,-61.1964736178649,29.383650295805555
3041,-59.5755120078639,12.903199096742217
3042,-41.260884355477444,56.38457747610639
3043,-25.6452991323666,19.650101132598117
3044,-63.4492969186022,13.648123302655597
3045,-58.41798407993924,38.44413931922453
3046,-31.307336448131704,18.853776172352372
3047,-46.98159271848095,21.773809047313247
3048,-60.85976628660816,28.678045842247958
3049,-59.59236977610551,39.16518574893291
3050,-31.46006744306801,18.6333968428016
3051,-59.62041518951964,11.340660186517676
3052,-30.01727971298894,19.6675412449281
3053,-31.022596692784045,19.07535695158162
3054,-38.068352451852995,24.126805120398725
3055,-62.903133876621226,27.99468801150452
3056,-31.571095007494826,17.644746676289177
3057,-40.73603851106285,21.58446331692149
3058,-42.997744545219355,21.030859749544874
3059,-38.61837641076524,33.91849690959525
3060,-62.66795792458153,11.192717574976015
3061,-61.10765353664509,24.443740299907468
3062,-40.65391204435395,22.490984321264683
3063,-58.981989876376645,36.76829193691333
3064,-63.43909827286911,27.862398668147712
3065,-18.14573403754839,37.77205649642184
3066,-65.69808453650357,10.032160363413187
3067,-62.12316495406235,11.164208882477366
3068,-61.58384434883837,24.784056198815467
3069,-27.270847333030634,20.055064587970474
3070,-27.041896532307533,20.06227788191677
3071,-48.1609256006485,20.66690597001561
3072,-32.38808048874344,26.53970012634546
3073,-56.54262420353,21.350164239846826
3074,-30.432381007508656,19.99032002312649
3075,-61.70164615601243,17.622509795493713
3076,-30.369355238314142,20.208956840587103
3077,-58.69172599857891,36.02593539807036
3078,-40.96883570686557,56.101842555397035
3079,-61.76965590085824,11.590651250798093
3080,-44.26811451989478,26.268408564036648
3081,-26.807770964029856,16.68527595822276
3082,-65.68349723222927,15.965844093935702
3083,-5.588245594431637,41.879757943330354
3084,-29.949589835119852,19.711102478903705
3085,-31.439950597578974,17.57248580630147
3086,-31.109789525300037,28.89394852045807
3087,-66.23602377850857,10.558695938835555
3088,-63.482393725347464,8.408046057185636
3089,-30.083858336940285,19.984208655447397
3090,-62.82000568639825,25.57361718715146
3091,-45.68707669075204,19.236182061387538
3092,-26.315437897286873,17.48383016298194
3093,-13.137436336802338,31.95558842945781
3094,-45.72086894474674,18.266571879659054
3095,-46.017145354892584,21.692467875694245
3096,-62.38007626341634,21.569316888705547
3097,-46.00369283784751,18.811758380439436
3098,-27.132159326049923,19.574940335022706
3099,-61.34708392337181,38.01930113849781
3100,-61.200086923336556,29.756385725425133
3101,-62.405309602388535,14.042985594304145
3102,-42.69157717307049,21.668728398240024
3103,-60.35361306934161,14.032080498899967
3104,-27.058215581643715,41.806039033712025
3105,-59.56176956139515,36.44943381642415
3106,-27.07371564821303,42.00970814167624
3107,-48.53495507707984,20.897557883883803
3108,-40.965668282661596,21.669539027059887
3109,-66.2762336392122,10.69344356577014
3110,-61.60441103834501,15.55177671141619
3111,-22.476003635181392,62.48618711936567
3112,-64.87669101955589,15.356365042582214
3113,-43.72562989402425,21.197424703957022
3114,-63.60756300342378,24.382153113830825
3115,-29.523530379164395,21.12470613317163
3116,-40.09734478147314,57.43372621296099
3117,-17.032031512809784,30.465478899843987
3118,-61.807319919741346,17.378654413330604
3119,-62.24126772366547,33.08660167118109
3120,-45.87934386893813,20.07385238039798
3121,-44.52531044137883,25.042762166270556
3122,-26.963957911187368,41.87841585149031
3123,-62.55782045015616,24.944424180294074
3124,-59.501433864755604,31.039530761292824
3125,-47.5260214901631,21.970222984379458
3126,-31.838025773023187,17.735413188327797
3127,-31.773248167187035,18.242494528127676
3128,-45.42638472043412,18.55218042991707
3129,-63.05619795629422,19.074838510226233
3130,-29.714635075203585,20.971175462836975
3131,-61.189958005134784,37.77518433749767
3132,-63.90850693363491,25.2555416138356
3133,-65.6417102899378,11.060217331361084
3134,-62.26196378898886,33.554552488809286
3135,-61.864351040212036,17.619541626363773
3136,-61.53715860123963,29.185043520386927
3137,-65.71295720808541,16.031293660185113
3138,-63.173936245425935,24.534082634643298
3139,-25.782409585667406,19.21018144426556
3140,-64.93256483509204,15.229827024244354
3141,-41.35025438654306,22.008943416798765
3142,-63.55649191521753,8.390669410790398
3143,-56.77536514397011,21.335735971296863
3144,-64.47186817429463,9.839083083036394
3145,-62.116328637999814,34.13028719440405
3146,-40.8816146171816,22.756098586604203
3147,-62.7524569312763,11.21867877878803
3148,-63.21968805069417,24.436370762063948
3149,-63.00432254324955,19.74563449198002
3150,-41.33163323305193,56.047872132611964
3151,-40.76268590607272,22.86937369503986
3152,-43.788671263095466,21.53331801924273
3153,-66.2547486516188,10.377546531229079
3154,-59.4813205718708,30.949405078544675
3155,-62.101491324813416,24.85169189744876
3156,-59.87951216293193,34.73990408068488
3157,-62.00069606027343,15.16227347101882
3158,-63.2039313460252,32.47714163421088
3159,-29.876566309873123,21.85421800016104
3160,-25.51899320932125,19.67978843039649
3161,-48.47688297871394,22.072567295215187
3162,-28.71395644500732,16.153500214718754
3163,-27.287279522089296,19.761670042590282
3164,-26.774625593637268,17.15597632405766
3165,-61.50894900221662,37.95392165798446
3166,-38.97035630913183,57.58153678135789
3167,-62.406140801844934,29.52653102869973
3168,-61.6200290342187,38.07599421940342
3169,-61.45395913619801,36.891063450224095
3170,-62.5126418383851,11.73927054605597
3171,-63.477120656049145,8.493150320830704
3172,-38.74743963589458,55.82763903362477
3173,-59.791733596354675,34.796049493510175
3174,-44.2506348102762,25.85183962387153
3175,-63.19398808467895,18.883714816139015
3176,-45.14860619862679,21.698531087603666
3177,-59.714937247583954,12.85342673422222
3178,-63.260298263786744,23.65144198055316
3179,-48.33052369944272,22.194472537580477
3180,-65.44734980189817,15.850389922226784
3181,-61.8953729175584,34.9751174291701
3182,-62.17628655648035,34.03033602674513
3183,-44.20761241613865,21.75007437452169
3184,-21.506409205228902,62.64652335300254
3185,-62.41037971675135,31.65719127462212
3186,-45.73386526907305,20.284444224783478
3187,-63.10432610523363,10.831808823358111
3188,-45.11845428133534,21.943273891108582
3189,-27.571753743502196,16.72260711441758
3190,-66.43584992273797,10.114498306795223
3191,-63.01509428787235,20.03312993876036
3192,-63.74957417829015,15.657211716491117
3193,-61.94817247710301,24.582012243339648
3194,-40.82737695468947,22.983572211284745
3195,-44.47071210253626,25.221189529197567
3196,-31.687544584432402,17.852548561475704
3197,-60.30726295874869,33.79348827128017
3198,-63.03213294538757,28.051222047158653
3199,-61.96690717375638,34.728298072784696
3200,-30.055134504672097,20.16320554949577
3201,-45.501842327096746,20.523716134201074
3202,-62.01093511125501,34.55298316501414
3203,-44.81788316703869,20.95645146536299
3204,-63.21292023325827,18.765242544583202
3205,-45.663474392068785,20.467815014006806
3206,-26.349830956648084,17.922687147164815
3207,-28.560329029017012,16.19731077639376
3208,-25.626938695837556,19.058972898616204
3209,-29.916438831071524,20.553671052493026
3210,-63.76762172884064,15.700022554362873
3211,-63.21254344332855,15.5235749733833
3212,-41.409269364328246,23.209750911561265
3213,-45.53775077779262,21.667869993787235
3214,-62.37193411788533,31.46972324777638
3215,-29.538902701441106,21.091535141231603
3216,-63.25429997955276,20.40350710076494
3217,-63.896039157576766,34.171856670228934
3218,-43.47388207255248,22.141783149535446
3219,-63.5684968297924,20.809152244730612
3220,-63.61356060510878,33.73483549420922
3221,-62.03361074741705,17.669316845267552
3222,-64.26394545151011,11.497586378857928
3223,-32.55244260420076,26.9972877239015
3224,-44.32107544876204,22.098717191203427
3225,-63.50433114021696,24.175452849366085
3226,-65.2464108295388,9.523314793235706
3227,-44.18051028409566,21.925254677246315
3228,-63.231081927499325,33.45492902777894
3229,-63.937268910342745,34.33864009129397
3230,-27.21345419092508,19.634002902796357
3231,-62.45379995095961,21.734866215621853
3232,-45.46866294327411,24.83540845761425
3233,-25.504382444009185,18.849870381712265
3234,-45.71164163311272,24.804957452642217
3235,-63.47507693117183,30.716250508486407
3236,-63.40677558351212,19.161073695433405
3237,-62.500428083388655,33.62383999589669
3238,-45.89659282803324,22.984889506950346
3239,-42.677199920109224,23.183775923700644
3240,-45.44247989003194,19.385394428807498
3241,-62.20131340047641,17.61955316381627
3242,-29.66666285661697,21.418401732069164
3243,-64.49069032053814,9.87216252226394
3244,-63.3367221121206,18.41140363295188
3245,-45.33825185108083,21.6461944310704
3246,-32.652782520469614,62.00054970393794
3247,-60.097050380593934,34.6175699342103
3248,-29.430346610274487,16.288310368060166
3249,-65.3753598861976,16.35305518616366
3250,-62.34567169688908,17.752611703840984
3251,-63.71809147987507,33.7885313813228
3252,-61.963796166522116,34.859679939703895
3253,-64.13249739668721,10.090561152500959
3254,-64.01040630296063,35.20773854073999
3255,-42.79829023423629,57.284640080729005
3256,-15.728230049032248,41.24803248395449
3257,-45.63368008536396,23.155480037497547
3258,-41.63538650202292,23.32093226189224
3259,-63.735652932804605,23.307334661440827
3260,-44.28892722711098,22.261934896880252
3261,-25.10632929206173,42.81393071322681
3262,-63.50390540054086,20.475627429463962
3263,-63.47875892357037,32.854790653127615
3264,-41.559130384949206,23.344509195935633
3265,-63.6186387207471,19.989982196781238
3266,-39.11072793173989,59.69474267749882
3267,-28.672283668388346,20.521502268616135
3268,-45.66366836034696,25.079425152753306
3269,-43.05977647401474,22.90929468984743
3270,-38.42183294650932,61.29407200621806
3271,-64.49601508321095,20.19844946062345
3272,-63.58286329098653,30.787389842251585
3273,-64.12326433737834,10.201396128810039
3274,-41.571826814653804,23.831226995734426
3275,-63.704361998267835,32.83468526858416
3276,-65.97966358757235,10.384177090752475
3277,-44.91110777260277,21.508144559779495
3278,-64.1519050540271,10.18431302093371
3279,-63.50661543637528,33.5436831518371
3280,-64.34873832438097,19.949776242878727
3281,-64.76876978167346,20.08952992412891
3282,-64.14268070440194,34.27132112623935
3283,-60.03196174511628,34.676388035455794
3284,-26.546721945926244,18.74855672773333
3285,-65.2538907528956,9.442086230310167
3286,-63.86499235098141,16.162211926628487
3287,-44.04354340214437,22.513459641254418
3288,-63.959135206555466,19.87880093791966
3289,-43.321007146075566,22.81362379490443
3290,-43.27460878443524,24.40880082392143
3291,-64.047534104309,21.699513583045476
3292,-42.8504389333153,57.37857528263656
3293,-27.254443630079766,18.578996348795503
3294,-63.90725030938486,32.54799873476393
3295,-63.404163386576904,17.351353391385707
3296,-43.49616040069451,24.495131892324245
3297,-64.26684774281574,20.182850020904404
3298,-64.22401980667543,17.413261964203148
3299,-30.847105875349534,61.65725422292721
3300,-45.6878625096833,25.027588858467556
3301,-26.126300986284456,18.434422671658606
3302,-64.86349270848669,30.249680811673766
3303,-64.45079328059487,30.36708016926533
3304,-64.5792152275632,30.30339456593974
3305,-64.31209089131036,22.674391584902526
3306,-64.2277144351159,22.588792081170535
3307,-14.786312631652542,35.394517116952315
3308,-45.77020361240602,23.319396018061855
3309,-64.29047623900841,18.741022812931735
3310,-63.93829666215905,19.85505599771115
3311,-42.06020118399171,24.150676740061197
3312,-44.77199034728725,21.925984629884333
3313,-64.99010220103416,32.3809679827672
3314,-9.657441181319921,45.607900774316995
3315,-64.0994075114286,16.677578208249987
3316,-43.36783436455382,24.467477363304962
3317,-41.928717869989676,23.920689328725807
3318,-28.351304623160743,18.127156065169803
3319,-63.242180154838834,17.278910601271647
3320,-64.96077475508484,32.37053303695776
3321,-28.178338937301174,18.360689606293185
3322,-41.86886924920241,24.34732041432921
3323,-28.50236922668696,18.02673960183743
3324,-41.663727731111244,24.46376678084093
3325,-64.8569991918202,11.453410945009635
3326,-65.46044677849271,34.40116046475819
3327,-46.6325204128151,18.964858398889934
3328,-63.332651078271276,17.300323017006036
3329,-65.02077523062553,18.39642585076192
3330,-38.76104233524573,64.49598269593776
3331,-30.575061859421435,67.62998886507037
3332,-66.31484422836519,34.4966714263525
3333,-65.51388057387842,34.087335555586066
3334,-64.46837095697416,22.437131194791828
3335,-11.570229466428351,36.49759205331625
3336,-65.36027230316844,30.07129369063428
3337,-28.54201959122544,17.937577335887916
3338,-65.78793493996746,34.55345456421117
3339,-65.736454111562,30.40086235569792
3340,-65.52447164824086,29.783496412520773
3341,-64.26307090157025,17.378900298207007
3342,-28.63495133382593,17.975546809537008
3343,-43.52289914046988,24.508247116817454
3344,-65.51725500493761,34.741182510590946
3345,-65.62930367187295,34.013558219378275
3346,-65.97480055445331,30.83546190412348
3347,-66.172618564067,31.292398613829988
3348,47.42296080531427,5.891138711388238
3349,48.09677112184636,5.852456584638731
3350,48.87311472694598,8.310684108998448
3351,49.13164802511733,5.908475443529611
3352,51.51924106003091,1.7714578612458116
3353,49.07872782824652,5.847716983787891
3354,49.1573673320722,5.18833966976523
3355,50.569720357891086,5.53979739196441
3356,51.69164424837601,1.0883738768836595
3357,49.10743618368447,5.945703303169174
3358,51.54593689670516,5.164592443656675
3359,49.16630339694786,6.162846804339525
3360,53.54968320365942,4.8254947545591875
3361,49.33824432108913,5.075055684221621
3362,49.91999736411969,6.196623371669665
3363,51.67315363111387,2.039409852245803
3364,51.81105373182165,1.4737732519864077
3365,49.49199750404955,5.862370626723078
3366,51.57011355698941,1.598209636748675
3367,51.23270507864088,4.735062608907592
3368,53.87419893067789,4.842408429817748
3369,51.60884132868224,2.190136276180953
3370,49.21658145280747,4.980408647596197
3371,51.58319232063934,2.3057752436070156
3372,49.04940979743176,6.469421147012032
3373,51.63631886028948,2.110807926719466
3374,60.67450659320134,12.45608848294701
3375,49.31311179417552,7.796303628469537
3376,49.41959763372303,4.61536249838037
3377,51.22993157398681,4.7524432398768015
3378,52.32577053102194,5.112071663411801
3379,48.94525704688452,6.4804840574488916
3380,51.4058794246974,5.493389408444906
3381,51.007930305376085,5.682106270430583
3382,49.30598016167128,8.308804707950625
3383,50.58313343347972,5.11063958032026
3384,51.65983290906977,2.3339557189445492
3385,52.71285866946149,4.972698462864913
3386,49.06686739300029,6.732296063868886
3387,52.47681493927544,0.9213767441521838
3388,53.13521659202065,4.801691017839231
3389,51.61862674523947,2.72431473165013
3390,51.03939257716028,2.4330732411452605
3391,52.90500570339047,4.893385568040867
3392,49.28083635978201,7.0276801319523905
3393,50.88862355594613,4.571860924971118
3394,50.85748858484881,2.817514714803956
3395,49.63541205944196,3.687153888450274
3396,50.51158147365654,5.317002235321186
3397,53.2734682839786,3.524086930529103
3398,53.80280208962939,4.875464898056093
3399,49.33961072983214,6.896085119092918
3400,51.71290952000008,4.07265861410977
3401,51.675747279646416,4.1777008330056935
3402,53.218289513805374,2.434882260537542
3403,53.43959747226355,4.802259493685784
3404,50.67118724873911,3.88129475979133
3405,53.78213290084672,4.792676332175078
3406,53.06378513695958,2.828154730384767
3407,51.800906140817546,3.443173221815564
3408,52.626987572583594,1.2822373007566716
3409,53.0776314647685,5.8414527344066185
3410,53.36311217770657,3.9086720133060653
3411,53.84226378281235,2.8973390568816435
3412,53.14136097251765,6.106973755089939
3413,52.703455054353064,0.8160046089680498
3414,49.42867621578349,2.660673061947852
3415,52.67478174415185,1.4878599242525274
3416,49.48134316915887,2.7026521256488545
3417,49.464961060264486,3.218857027423685
3418,52.39165463932934,4.4029549635088
3419,59.62016077686363,-0.9387666889409766
3420,52.7338261294344,2.0421357344752193
3421,51.83430058968184,7.536256663744246
3422,53.14443500048834,2.0978582559682906
3423,60.65235699001389,12.264931774763632
3424,49.70253582235979,8.523077186247619
3425,52.579349259861964,4.388026427564605
3426,63.132648370311465,-1.5392580091397896
3427,61.59772203796954,-1.4420685706519822
3428,49.308374872173616,2.902084181523201
3429,63.44935073811239,12.095120773542378
3430,52.856330833005416,0.8585772893686137
3431,59.7002429175848,-0.8825435101846854
3432,51.35526608044444,7.236911542877512
3433,51.11852616072148,7.821642794255746
3434,62.805718526782194,-1.5816390517903696
3435,52.92299520153911,5.312099863797856
3436,62.65238210387105,12.021546151118045
3437,49.29979588448108,3.110064407932533
3438,52.26883660755222,6.295150404788249
3439,59.789551520747864,-0.8764387435827985
3440,53.18572898836334,5.2274214528402165
3441,51.911224735843355,7.8889945846797
3442,58.28523885586207,0.9244917169312252
3443,54.84753208477171,2.572335741259009
3444,49.018396881955994,3.1225229652602833
3445,52.30158743150426,6.659169895340953
3446,51.817737684720456,8.193817794711038
3447,51.25449582515129,7.708340836375373
3448,50.65594098012858,8.364488294523554
3449,64.6453377753525,13.09803417402095
3450,49.192545242971946,2.644579639980583
3451,51.44201636340707,7.0580401146071035
3452,62.25126491120648,11.925809664909263
3453,59.55577596818727,-0.6908857475764144
3454,49.26998444747688,2.8787783521559964
3455,61.428812517456265,-1.344261153520754
3456,49.25103230179515,2.989621324509411
3457,57.06793597552012,2.4941418175943837
3458,52.201752355788685,8.29286010592582
3459,52.29587667391119,7.953499362342857
3460,49.17091463302515,3.1550403949127817
3461,55.30832362037418,3.80076975280771
3462,63.77606437960058,11.742561722327492
3463,62.97898539189688,-1.428276205556529
3464,54.073337767581,7.59209514841047
3465,60.74731275307516,-0.5490134529983455
3466,55.25707640826588,4.528890170965077
3467,64.81186208321782,13.219689353966297
3468,61.26228719430441,-1.2688446835826428
3469,59.40134296605225,-0.4702736707627835
3470,58.312927597285764,1.4547257896481818
3471,49.11858056752168,3.2378748758948492
3472,55.25956222433047,3.752450159980567
3473,55.251257680902484,2.5263668364181897
3474,50.54641278969124,8.721514732181047
3475,59.40338410619422,0.3556996558483459
3476,55.235681129406075,4.558332762356085
3477,59.390702791161054,0.3397141480398698
3478,56.870758754559944,2.7232687625625225
3479,59.39044362832201,-0.08049580414878094
3480,52.557315254958006,7.565608300352846
3481,54.57846321363204,6.43084987644112
3482,52.08748632943506,8.43246440783094
3483,63.20193928667328,-1.1930883011262179
3484,63.04294969109126,-1.1211217620664196
3485,60.953380279064554,-0.586540176442137
3486,64.12852866228698,-2.6351597822563813
3487,63.44747876664452,12.216789147207598
3488,51.108104299093114,9.124833955926483
3489,59.09446167190774,-0.2932046419472929
3490,55.510547411279276,3.7100978058743235
3491,59.521077589946096,-0.5637227408546168
3492,55.757296687050534,9.78061069049081
3493,63.717793868349176,11.579071494352856
3494,54.70400935413875,6.661142913430898
3495,58.78441831001601,1.621697345333727
3496,64.0744927291427,11.338098063027475
3497,61.03236995732141,-0.5969578146397534
3498,55.33774532618008,3.4772020417115885
3499,59.285849640102974,1.4025532466042152
3500,52.165084299051635,8.869736880830681
3501,52.38574457314279,8.463155090089296
3502,55.70061716671364,4.446776592438329
3503,58.576691657999966,1.4881062433658998
3504,58.19923934793945,2.481504823587094
3505,64.88015240310456,-3.127229126406493
3506,58.3485888012627,1.5674722989749932
3507,56.62337054945653,2.991037375925292
3508,64.1717231461683,-1.3534099781854556
3509,52.3868438559931,8.631633916086896
3510,55.75219104304452,9.576489043844898
3511,52.68372319483458,8.052648363002778
3512,59.58634326070779,0.20161438741661034
3513,50.43461945921688,9.314081654396578
3514,64.33200832205272,-1.2863584009955022
3515,59.685234891405294,0.7803845195999836
3516,56.69785963760784,3.0060672795545877
3517,61.28767902691248,0.318921126685097
3518,62.87561203412002,0.46166327486993514
3519,65.6121658777356,12.302798133661883
3520,52.478176715260574,8.526684723246495
3521,64.26541722781266,-2.7097956513822488
3522,59.915377256663824,0.8529969129767891
3523,54.78019706475354,7.317259358801474
3524,64.39682395476349,-1.2302972919385873
3525,55.05673616690023,7.125859017338777
3526,58.30975025773269,2.810022765758428
3527,55.53264879881289,6.694047366552654
3528,64.04778447772243,11.079705839220132
3529,64.05009749520829,12.723532740436399
3530,64.13086029602722,-0.8099709525863095
3531,58.519517675443254,2.798626149260606
3532,56.70744047662249,9.68849966268472
3533,64.14175555904981,10.795576434137528
3534,64.04720283714803,10.098992957649687
3535,59.15365171044888,2.7329618769208612
3536,60.957524136732616,1.7791468996917705
3537,55.15108305421097,6.760975676438808
3538,65.04215351402867,-2.9509762643904955
3539,64.17189153759698,8.590303160862371
3540,60.15453217746771,1.5264854613439107
3541,65.54866206408747,-2.709194968760819
3542,58.546427488662005,3.037122816981481
3543,60.23170333917068,2.154300590110257
3544,59.584089572903416,2.7720968026604265
3545,56.5942125292902,9.703078975117577
3546,59.14003837348037,2.340221659298598
3547,67.33286618254044,13.262921139403879
3548,59.32762647109891,3.1211765181081477
3549,62.57881361645364,0.4343120549479073
3550,58.63768810430967,3.20056018526882
3551,65.86813033436376,11.723655681630646
3552,59.533498561731754,2.9741758917560914
3553,64.13585015657678,10.33960082467607
3554,57.553405884248335,5.219011321379295
3555,56.80849585296674,6.058932894417594
3556,65.91368154810198,12.85979097335483
3557,56.68439965073458,6.017130831600539
3558,59.86062370914762,2.558324616034667
3559,61.665518048992595,11.571253915445885
3560,62.81325660399709,9.71262792076047
3561,55.767637384920626,6.639101010320338
3562,63.41918927443968,0.35711884468921223
3563,64.32540182013243,10.66816250778166
3564,60.94381074469779,1.85386567349174
3565,53.091300120347235,9.085387042430787
3566,65.9963882630137,13.211218607272453
3567,61.60614737364392,11.507180119054347
3568,60.339474792289664,2.588348728582104
3569,64.70017207436389,-0.8037758808447176
3570,60.511638429802254,10.890308836612132
3571,50.65877204065782,9.339755294299094
3572,65.35928642430724,-2.856070267481413
3573,59.34111828673473,3.4462347015115777
3574,62.833758622908086,8.978082803382351
3575,59.29170122178194,5.502637388319749
3576,58.5861390709676,4.7591751067497245
3577,57.04836577489347,5.207398967067993
3578,56.621307003572646,6.136963924224179
3579,64.12702600904548,10.196053261188016
3580,65.18234470752513,-0.8790032075137267
3581,55.862785225040284,6.837093223177168
3582,60.19218286867069,2.7603808896888506
3583,52.81969205197033,9.208475721737736
3584,64.3627541011379,8.62137483348962
3585,64.88923183856305,12.552526647329008
3586,60.847164014111634,9.563692169891796
3587,60.627054746018395,2.577210161131753
3588,60.546248685929974,9.910313555714831
3589,65.54830832312936,-0.9617633177546994
3590,64.45678050245509,10.64908785579542
3591,65.07055542508306,10.531756243818954
3592,59.6051114407323,3.5560906925626172
3593,53.01559946376322,9.298376199209674
3594,64.77900691635065,-0.9357906731894368
3595,61.03822230772313,11.534325555420764
3596,59.68789607838906,3.637854051999255
3597,65.75050412644042,12.84865748148643
3598,58.638738547010654,5.518869937799635
3599,60.70577132093243,2.847418346708136
3600,65.37164631538225,-0.8771301381321135
3601,62.75961272326718,1.4471122371438152
3602,58.1689145603624,6.827842847707646
3603,64.84284345368644,-3.0179498572376358
3604,60.165982134750436,3.8297728753079925
3605,66.38126878558103,13.223459051579137
3606,63.48777473132268,2.580762019578748
3607,58.463322568575634,5.520706010486403
3608,63.44500874847506,2.6162833101012803
3609,57.52227976796741,7.170902229949447
3610,59.48471752585383,5.295442730184661
3611,56.89797608806948,9.727607950837001
3612,54.00273787396176,8.902935493396246
3613,58.525338809740454,6.856831063902614
3614,59.028371824054844,6.581180062045965
3615,62.77896756937405,1.540401164551607
3616,57.96819224445025,6.88545159112741
3617,64.31231394390626,9.716931773946753
3618,63.11783997523152,1.2255859703038097
3619,57.312825290343625,7.1780362979299825
3620,64.53440106007334,9.307921671771343
3621,65.68292003262238,5.17344794730903
3622,67.25530452884377,11.724187583628517
3623,65.6225539899218,10.94409621093649
3624,59.06530063768333,9.678858099927458
3625,59.740671348681836,4.343665204494338
3626,64.71170702188572,-0.04570202877420342
3627,60.84979855756355,3.381135544172959
3628,59.01872979272192,6.599347649896645
3629,65.33009923521527,10.852001596079722
3630,56.7136625998572,6.516688721159124
3631,66.27018190451119,-0.49923027668630243
3632,60.65127270069652,9.938904765007672
3633,65.56203404172804,10.248825814449646
3634,63.03311935746949,2.7183934365666853
3635,63.08151083610055,7.699040140916311
3636,67.75585914077469,11.832989960534041
3637,67.0183979643804,11.547944755971683
3638,64.7649316630169,8.339514686018196
3639,62.615961933997276,2.5770028428024956
3640,63.325764676111085,2.848624447015587
3641,62.82575454841803,2.931001734535955
3642,64.48667887758417,6.982059700429661
3643,66.86069296071811,11.426244628108147
3644,61.07027445090405,3.5658079679318457
3645,59.05747436801255,9.650061886167045
3646,65.57588752826206,11.057016195466328
3647,60.2808593661677,5.113040354338469
3648,65.27926183762521,12.625577771794775
3649,66.3509800694458,0.3826366396582023
3650,60.73129325275871,10.695060436795762
3651,61.36353285213772,3.6311732305052082
3652,56.86622571812403,6.515699284263554
3653,68.30803180009734,12.360421855370301
3654,63.27567858334883,2.78247796824323
3655,67.10755569475654,11.570027848945347
3656,67.18274595832695,-0.7073876587563749
3657,66.77876132301753,11.672132312605536
3658,66.07557140081796,10.783114343240541
3659,65.1186614388292,9.059528408890007
3660,63.798775205244034,7.4048557763059355
3661,65.9747944652305,11.612008066813452
3662,66.49282404580114,-0.1485258599196888
3663,66.78819916259106,-0.5652121219431113
3664,65.82137769051867,9.198346072733317
3665,58.87143563208335,9.404861233609326
3666,66.68534555817823,13.347510524018556
3667,62.739433960732825,3.093380971242746
3668,67.75658369551984,-0.9094246491461121
3669,64.35901174344322,2.429147208633277
3670,58.427808436428386,8.070477649707307
3671,66.35196134749722,1.0869110025346096
3672,66.03885334707718,1.890499462692533
3673,66.18167583071691,5.315531132425452
3674,61.45033619750991,6.088866432728352
3675,60.92930596382124,6.04720186873523
3676,66.95197252182597,-0.017337601830163467
3677,64.53066283476778,2.3331529683440086
3678,66.28907835832919,13.244331225255047
3679,66.50245804544318,9.218802642497415
3680,65.83995612999861,9.138435786332282
3681,58.73500496377242,9.19324484566014
3682,68.29394019685893,-0.8375759147938671
3683,67.79448012217638,12.001988063759578
3684,57.417339914604106,8.420036539324435
3685,61.08766720589268,6.123909851936494
3686,68.42806271045731,12.100684501528532
3687,69.16254559785389,12.417407517809211
3688,58.69245295007308,8.596488014008903
3689,67.44886924890618,-0.6928567546984165
3690,59.9330214037519,6.575357313678096
3691,58.65302565810009,8.453407128410744
3692,61.09920422473487,6.108221323807134
3693,62.625155122445214,6.694670337881173
3694,67.26022439374663,-0.15140373798297194
3695,65.49234206916765,7.151452179760649
3696,67.06815382041749,0.32930402397901753
3697,65.41913585446285,3.5896036114366634
3698,68.61837467938685,13.044162299188699
3699,65.81210285103938,2.7345408330378294
3700,59.49838395655919,7.364343094488007
3701,66.67862534426953,3.51282224115581
3702,60.05120049688852,6.614672129482181
3703,65.82135934870118,3.945839330030297
3704,66.74559744251266,9.50495326986157
3705,63.14455759189042,6.583155235686623
3706,63.26036979084271,6.623799897923001
3707,66.38670886037775,5.205988225757324
3708,65.63530044772115,7.791752674065076
3709,66.59609459702577,4.595952693699465
3710,68.42383074171795,12.149558564299301
3711,60.21593001824525,6.8124816577913405
3712,66.06023884607642,2.3695399446801506
3713,59.7115285571289,7.281493649466597
3714,66.62197258221255,7.301625640294415
3715,66.52197796526933,1.9182063135520242
3716,66.84897883889374,1.7082614659142088
3717,68.53439064710537,12.938889291777933
3718,66.99504931497955,7.438344893323936
3719,66.68019171253486,1.8279168660055731
3720,66.72732921667524,5.276271226604702
3721,65.7123146343539,3.561203494455025
3722,66.94662811718769,5.6551462255711895
3723,67.2633900289975,0.20751618351527498
3724,61.10282731587379,6.210323558162809
3725,66.48723773915945,7.558192330012587
3726,59.828771947321385,7.305946847072508
3727,67.66012959163938,0.6107478560981723
3728,64.46372953183563,4.379955789446782
3729,58.80125157698307,8.512585053826689
3730,65.90979335305744,3.7786361214911692
3731,66.12640690929352,3.225323963068346
3732,64.69797098621595,2.545795555117021
3733,66.68741900407373,4.484131155314321
3734,69.53543964675104,12.272228562381459
3735,68.99469059817989,0.5938558229607445
3736,66.51944543421185,2.197997648226893
3737,68.66375545939468,-0.5643518987976152
3738,59.70012715543682,7.234549450748752
3739,67.35155314289055,5.780808992839265
3740,63.03564433431729,5.512658143353478
3741,66.92222955616812,1.7842387904991455
3742,58.97444307488816,8.441214705708983
3743,68.48829447920481,9.056999242641368
3744,66.9743733682851,3.3819168915975597
3745,66.87526883539715,4.59219314424515
3746,66.89858348919314,1.7342910562136544
3747,69.09231706777399,12.608030444437778
3748,67.01906756176629,1.7320652535094874
3749,66.82148004089561,8.836134510991213
3750,67.63340697603614,5.117570751733351
3751,66.54045884743552,13.579665740759678
3752,67.54464678624728,9.152883338938198
3753,68.97230394534442,12.749392094430453
3754,67.6733340288758,0.9075075847634249
3755,66.61572631041368,7.234059697822971
3756,66.93223934306425,2.9066798883273886
3757,62.872793688990875,5.7244715743157455
3758,68.03521624856059,1.4322608945856046
3759,68.44672278370061,5.666477753352008
3760,68.95387161831646,-0.5149988042345751
3761,59.692316240928676,7.868866191804221
3762,67.93598939761738,5.33021440554973
3763,67.59840966529391,5.6698438057963605
3764,67.80672757730918,4.245478755429561
3765,69.19708471293701,0.7087675311612616
3766,67.09972592330182,9.216997980202569
3767,59.09426717200419,8.36129229566474
3768,66.48643423098675,13.665180513459715
3769,67.06922737913085,2.8363520727433977
3770,68.74579197258595,6.632697096984075
3771,69.50819485276791,-0.5303067939213694
3772,67.64726968939279,1.0692739770716817
3773,68.51568706352,4.175229058604873
3774,68.75606027491193,3.540159214457904
3775,59.71920602856825,8.182639611827865
3776,68.87327464704241,2.7967745238860973
3777,67.28818915756092,9.006997624288813
3778,69.14416960150602,5.353295214683711
3779,69.35095871122672,6.194768896848015
3780,70.0510003185079,7.255436198905966
3781,70.2139479561788,7.421361955731432
3782,68.87359893111253,3.4877358546028367
3783,68.68101024946736,3.833837414395399
3784,70.03327270711777,-0.3720876630353335
3785,67.75234190503471,3.2861409780196547
3786,69.57067239477135,3.3817091661175693
3787,68.95481388402281,3.3046915783056887
3788,67.74841409591474,3.0669440438690807
3789,69.44944613887772,6.384268136330537
3790,71.32711056756605,8.650152834399877
3791,70.68557228608886,8.093926244363145
3792,69.53059968846661,6.327773004711603
3793,70.5773187576929,-0.1425611060497812
3794,70.73612852850894,7.60714948616832
3795,71.0065223693825,-0.11282693592650654
3796,69.50723759615882,5.446701834227975
3797,69.9633330936925,6.974849888767741
3798,70.9247555018255,0.3318495247048055
3799,70.18851499459491,4.975558351723027
3800,69.93456638322522,3.9390564836379545
3801,69.91795566744351,5.155516311063365
3802,68.64190017722095,8.980728906083106
3803,68.94804953953243,13.292051554387912
3804,60.23027057902492,8.010869437358169
3805,70.42419063048668,2.793506696929186
3806,69.70582409496798,5.780358372062484
3807,69.99341074246213,4.129498548375952
3808,68.33057674566216,9.022942754600699
3809,70.65111805016643,7.915473936541409
3810,71.01353860253509,7.910318792057093
3811,70.66864622025348,0.9862605289430529
3812,69.95023839116352,6.684036366870836
3813,70.10051590920192,4.770708649244436
3814,70.10053409649116,4.748286256318388
3815,60.324269150691,8.2196028514114
3816,70.39107830300951,3.1288089439211713
3817,70.18892667964933,3.596868223758592
3818,70.79548210558104,1.0820943865277113
3819,70.66337170928789,1.3650977357679392
3820,69.46611602502492,6.491906322921184
3821,71.04125821922067,-0.11504974643509522
3822,69.80504068333913,5.787140386117947
3823,71.28947864206275,3.646210946890974
3824,71.23754032322694,3.643485239126159
3825,70.13736713059701,2.6473941824963814
3826,71.29609114671555,0.9232629292438848
3827,70.56447148866032,2.892052809949214
3828,71.46935032397991,8.660475760228643
3829,68.3562138093178,13.915968980780235
3830,71.42906732233604,3.226307952890123
3831,71.45317383233257,8.420161253021089
3832,71.32962414669863,8.040487005669418
3833,70.0575319006601,5.804157136901928
3834,71.5700701664804,9.080728948821456
3835,71.3051607483681,3.7291218835881357
3836,71.72265632138782,4.894149008989173
3837,71.08124430011317,2.9294002905623677
3838,71.30194260501645,2.82740516499046
3839,71.84406349626882,3.4706139504765208
3840,72.42034520412042,6.881814838811509
3841,72.12833283476313,0.14687829331898372
3842,72.07329005415241,4.034001087790757
3843,71.8564881188947,5.124560246053665
3844,72.26517231791497,6.870192684561397
3845,71.34051924332093,0.13391497815297132
3846,71.58634874143625,3.142396473830708
3847,71.04714808118018,2.8515850316949147
3848,71.74605104553409,9.01293602296994
3849,71.79029097078939,1.3079452764057924
3850,71.78889062968648,8.508750557641727
3851,72.67168579467553,1.5311724946063257
3852,72.16328380420038,7.291043727027143
3853,72.76446682709529,4.322979491150819
3854,71.89893204268854,1.2225370463160883
3855,72.65456954955062,6.028813584111644
3856,72.68558975229706,6.166370079856578
3857,73.32324081760294,6.7280736400112895
3858,72.74938335349165,5.458038669339196
3859,72.82257240319545,5.78081656382348
3860,72.7417345900891,1.6024698150594645
3861,72.77956170617402,5.762663211647465
3862,72.86078209776983,6.36052604774134
3863,73.35306102633966,6.820415284412342
3864,73.1697091395614,4.126839771106793
3865,73.18070456631102,4.476187679798493
3866,72.80745719083515,1.8377492783979124
3867,73.30380155482658,3.9133869145204505
3868,73.38834943276753,4.400212180187268
3869,73.82222364859112,4.587547939651262
3870,73.9828369099722,4.472555481221236
3871,-9.467417724372574,1.688194868149998
3872,11.744719627621622,-72.23089194429134
3873,-51.520315962943364,-12.676519312741423
3874,-36.86840051456027,-55.25533164238461
3875,22.373374798506052,54.148377414494135
3876,-28.801632932105463,4.636741357067174
3877,-37.47779449596613,-54.60762055178724
3878,-39.125600965074256,0.40877054564972654
3879,-0.8808396649552279,61.343873389927076
3880,-39.31808063964485,37.672739933599445
3881,0.02553959683902021,57.46493691335224
3882,4.31034556354543,-77.41842434740452
3883,-35.4101116734283,2.649796679665845
3884,-39.66022907916746,37.8932044978238
3885,-1.8985711855159035,60.230090733999994
3886,-40.48529553210964,38.717325955595086
3887,-38.41693632186189,37.294884274433684
3888,-54.02843566431993,15.467680657746536
3889,-30.30651876810615,10.150458056922584
3890,-48.28183474568095,-2.305046049001404
3891,8.567915155543195,54.18791791833988
3892,3.968148948109688,28.980312140776448
3893,-39.93132067203526,27.305519803084632
3894,-29.610439999284807,7.872904496898212
3895,-40.49259609557412,38.88209340963304
3896,-48.33244194769412,-2.190688644884004
3897,-39.67528168305756,37.903329078444884
3898,4.568292514203605,29.718441702862858
3899,3.9253298233312783,36.21881614491496
3900,0.5802977035303897,57.711811492845186
3901,-44.293848533085296,36.10751208726102
3902,-55.45012780727072,24.05567127886507
3903,-40.474781071406284,38.95396695592898
3904,10.430697539807165,43.87441681829778
3905,-40.48287806507731,38.88211201380366
3906,-44.26613315043636,40.198598189538984
3907,-53.18107620322053,-9.107280904677015
3908,-1.7782863472371382,45.08444760022606
3909,-36.80254507842039,36.77106016023843
3910,0.13225880348736888,57.332441950515644
3911,1.087989723319044,51.78694662644701
3912,11.150014574186715,43.2709883935203
3913,-36.65563725934801,49.32437521480265
3914,-36.76103406177901,36.38570531533764
3915,-38.16846488462895,37.275254690781864
3916,-44.34339386651415,40.252639711225136
3917,0.041502480456573745,35.19796087909351
3918,-44.4974736771173,40.11270675198013
3919,-27.074249674538567,30.256134346600614
3920,-37.029902074634435,49.22658732276562
3921,26.59032260214186,39.39395879356444
3922,-12.494042363065823,14.348346491607272
3923,-38.22981132755819,39.41958653797163
3924,-29.212704759536198,34.45951946440931
3925,-36.79231627628861,36.60232234767298
3926,-47.02216900690106,29.43804320001075
3927,1.1442186758330164,51.16282942007932
3928,-36.43808839925938,36.691541333058176
3929,-36.44320328050034,36.23701889461664
3930,13.404287907081857,60.17154192951302
3931,-43.81634742443874,11.629781128445181
3932,-25.995947233856608,28.877652357319015
3933,-32.80140229700597,23.872293736538165
3934,-44.405936059366866,36.20572482115403
3935,-1.7224077499124888,44.97912288854352
3936,8.94599422471854,54.45632084788465
3937,-44.36804639153754,30.395441738948932
3938,-44.371720886837394,36.19587487998324
3939,-23.045269131672065,26.884681020157554
3940,-44.28278236633028,31.98544322087008
3941,-29.672513855146164,34.688413285392386
3942,-27.216049718699438,28.443768064165546
3943,-0.028418080609546217,35.32268055753979
3944,-18.22767854648728,26.333895829138743
3945,-29.584236466692875,34.875938663933475
3946,-27.92336884065092,36.26703957839821
3947,-0.9902114814791912,65.6825560505722
3948,-3.216546465996378,37.80724151902734
3949,-23.363906353215064,27.32476550105892
3950,-36.23085174761532,49.20426687135193
3951,-44.67054780739346,39.52993149656131
3952,-35.178602200686726,49.55914640817481
3953,-29.514493337028412,34.792318577128846
3954,-3.1541774983608524,38.33939486243999
3955,-40.67459056822097,41.425507496881
3956,-43.54011322111298,13.163399140377562
3957,-23.771478301849353,27.986686129265237
3958,-37.740436167945454,46.47657610144501
3959,-10.38326597570717,63.24966584454265
3960,-36.672900829501124,36.54326459377422
3961,-35.104907020336505,49.47977551340486
3962,-40.9612886787216,31.352213705487596
3963,-25.180431918745754,28.299170290810718
3964,-36.74665457808517,26.769818221291786
3965,-41.30537698100793,33.74433344453538
3966,-38.86335734888657,29.673639271076688
3967,-37.56095526867196,46.389809672899005
3968,-40.78269364711233,33.19698299095585
3969,-2.0324990639841003,45.180175012225895
3970,-30.956569198408772,34.15639264480266
3971,-35.836531946748906,49.59053234539175
3972,-35.72252748463527,49.50211765462958
3973,-45.09420937582847,37.753813996606596
3974,-45.10450835659367,36.67099129929577
3975,-41.79717042144881,31.229217514074687
3976,9.725073873311883,53.963366661229685
3977,-39.64361074179037,47.80546686243406
3978,-42.54303471269258,42.595548704907216
3979,-43.23860182212336,42.22036163669187
3980,-26.51054912212826,52.544391128748984
3981,-26.996856691381836,49.483065476160405
3982,-26.86201026741055,29.349164074171668
3983,-43.69601842784796,31.750368893627623
3984,-42.94157661607911,42.41455260151686
3985,-37.39044469334339,39.36855287343784
3986,-36.523637002516324,37.20039111728887
3987,-30.46919522394369,34.53450075992356
3988,-42.47490885580116,41.02777663160511
3989,-40.95744488427579,41.69040052841617
3990,-45.13551427893387,37.612001831265246
3991,-27.857667449934045,31.210497842786854
3992,-2.2667134482975553,35.48162037293204
3993,-3.410536964766295,36.74221888587414
3994,-24.938732047471998,28.275613124890565
3995,-42.730190173490534,42.56150531356245
3996,-35.95653517051004,38.39109189068385
3997,-43.200968689088285,31.248932230645632
3998,-26.238335777280046,52.39508568245073
3999,-22.776681514726754,26.732110874160966
4000,-37.33193675754028,39.36255237791953
4001,-27.346107119753373,30.914095017954956
4002,-40.82437465491521,33.48000284736407
4003,-34.29615636159276,48.10317380236512
4004,-38.91103395486813,29.782317485127592
4005,-35.87976730810692,38.471907335181044
4006,-25.609206233488017,28.381635414034267
4007,-26.95010679251699,35.78793297534879
4008,-42.45945419289602,41.15744909081827
4009,-29.215198287773,35.23660795234505
4010,-44.21561074636103,31.82823509552191
4011,-34.23512096567255,32.735116293824454
4012,-27.154070664262814,33.78089977405952
4013,-36.737836178508424,49.41328904702932
4014,-35.50364415094601,36.70557694917387
4015,-26.833567759611842,52.321153341664015
4016,-36.96329193098015,39.27985386467194
4017,-35.53875096555236,48.71203743229818
4018,-3.506974393916585,37.272315469309206
4019,-19.19813059434066,66.69604602221303
4020,-36.13971097675339,35.77904911000749
4021,-18.08565007256883,26.950616015603828
4022,-26.75579286311279,35.8111658295361
4023,3.212210397010028,49.0794880687448
4024,-43.70437198975623,30.381459092721663
4025,-45.15404849501349,37.42628460919997
4026,-26.69859365855283,35.807082831709195
4027,-46.36289128890681,30.433311265117844
4028,-43.54925113483663,13.102314134633492
4029,-32.69222316114075,33.72526842171382
4030,-34.49063369292534,39.03069677324843
4031,-40.832374548131995,41.74988496679937
4032,-38.916574250286644,29.597724827693497
4033,-41.168815618503054,41.76072821577698
4034,-39.216499506979424,29.715527570245424
4035,-35.44146241197777,48.63996678359793
4036,-10.68721330870101,51.92510274898241
4037,-5.297072053548865,32.62333014278978
4038,-43.041152192433096,42.40284399701507
4039,-27.847459707183187,52.53748756811219
4040,-10.018161499485183,53.63021769351409
4041,-37.93123461874439,47.2907342614597
4042,-36.26325671451513,26.00636485626194
4043,-46.580388339980786,30.32929447220379
4044,-39.519711240501906,47.89730571793071
4045,-32.71144220519701,37.796396149339756
4046,-32.73918166999587,24.495484694453648
4047,-10.878256058498181,64.3092711127865
4048,-10.845817429176488,63.31778147723738
4049,-27.184681096390243,34.335282785710106
4050,-11.308127639967674,63.877198651138364
4051,-26.24753314281565,52.34177917323802
4052,-40.648707603841395,47.68017715618345
4053,-42.07403459248594,41.47892519206282
4054,-41.133263583195934,33.8891178718227
4055,-34.295392315032004,24.62224110960147
4056,-19.65148806158927,66.89993883271931
4057,-35.19450308999715,37.15756460178194
4058,-31.616303027879447,34.0256415852681
4059,-2.7976446668663817,34.56128288699614
4060,-36.43253102893485,26.67989139904625
4061,-35.871187034133065,35.407850655794114
4062,-33.44189640161747,38.023593347226864
4063,-43.53824780205844,13.14930355209412
4064,-2.8008396964573086,46.037099043641334
4065,-22.937638489488425,28.868815378115073
4066,-26.636630777941942,52.557608156756814
4067,-22.92461119480751,28.849311816189797
4068,-3.591762449236844,36.768163124238754
4069,-10.90334920467198,63.67020657034381
4070,-39.03293022846857,30.507304955912772
4071,-45.45643004841188,37.84732870300276
4072,-2.7262985806673794,44.34770985280166
4073,-2.803243521103054,34.53666101879817
4074,-19.27133438453768,66.47234633474594
4075,-29.312622918926188,35.58893565564198
4076,-42.09085954955255,46.00542370107649
4077,-19.112834903706638,66.3432162713024
4078,33.62064675562659,39.99304073706337
4079,-35.170649822282726,37.35758870550791
4080,-11.157283880512617,63.08908473906571
4081,-24.86606076917531,34.589724530718684
4082,-32.91715963602585,43.41959284343662
4083,-27.494584349910312,36.53574588914573
4084,-35.563940206150924,48.513498164285885
4085,-53.56689881411175,18.880303799214985
4086,-40.33656857597192,47.72030040659926
4087,-26.902537175231807,31.142638028677553
4088,-45.37843084615452,37.5067692838659
4089,-3.147519619468369,46.13182329498457
4090,-11.30441433552687,63.38439277238766
4091,-27.106025061921166,36.45774687592796
4092,-41.9443502391943,45.781091312712164
4093,-41.63156925194099,42.093517552402965
4094,-33.95001144423101,38.730016576570655
4095,-33.97653391488031,32.3694879461594
4096,-23.16208042544149,35.31332054285793
4097,-3.73882624378023,42.19809893142267
4098,-18.221585461247745,27.544798252974307
4099,-34.52289628310295,35.082811764706875
4100,-9.953911500583574,51.15220322333194
4101,-45.264635719618795,34.73997868542318
4102,-41.38078915872102,45.41650262820795
4103,-17.737177968783296,27.337010204278172
4104,-46.09138847348503,30.864991150925533
4105,-36.01748340240751,41.71468653300447
4106,-34.674094238885594,39.81181323388685
4107,-10.930385256214997,64.46971762432916
4108,-42.09793705927428,41.2641320820725
4109,-26.773739804359344,52.0115009955799
4110,-17.580882480906464,27.299659214999217
4111,-11.117721730147279,63.65237420316071
4112,-38.53826607540794,48.52408829128248
4113,-34.5049461724349,34.258809868986205
4114,-3.043087857619059,66.70448165299106
4115,-35.1592134698954,37.09631603141238
4116,-26.786201514988594,52.152550250313496
4117,-2.8071739024725937,44.1338795428324
4118,-18.305864511248274,27.581900553692588
4119,-45.54390810583094,37.788413163325835
4120,-27.97266306415926,52.564012881461075
4121,-42.29142925207142,43.72281581213359
4122,-19.13738012137105,66.16447536531237
4123,-26.742893125345336,29.035217518486306
4124,-37.25547598125798,44.24997047527448
4125,-38.496496244660705,29.613085798764075
4126,-39.37499374578479,48.341578423322744
4127,-45.44393906215738,37.57262526940911
4128,-33.899234299660435,38.730309912746925
4129,-11.353373067554163,62.94370626617592
4130,-11.366064532202751,63.26799591651207
4131,-13.107457197134158,52.5695282915564
4132,-3.1122694618401416,66.71140077155071
4133,-29.27956526602151,54.82561703419659
4134,-5.249612361248019,33.43700269630423
4135,-18.051890774709037,27.56895791534169
4136,-21.65856476182716,33.71813112533123
4137,-39.77213104063955,30.609332491507498
4138,-9.72286842377988,53.97596434528784
4139,-34.84521556104511,25.50170866836936
4140,-34.258333052275866,35.99737302361235
4141,-39.99990738503775,45.075983930895354
4142,-52.3086062646914,19.118125582528865
4143,-35.26692651452092,32.611159881166685
4144,-41.28018114074835,46.27654228590059
4145,-9.762447625363832,54.1024855381351
4146,-24.99202830180891,34.48755250270276
4147,-37.97865608335371,48.04982666155453
4148,7.302679644091422,40.62230624881445
4149,-34.960283470951495,33.372279112295196
4150,-8.180875089259356,30.85202081477799
4151,-4.733510131967386,33.23695740947123
4152,-5.07144037301325,38.275281048228344
4153,-38.46269315718359,48.521335694906334
4154,-20.819830734778154,34.80168939317944
4155,-35.86966330383671,39.480580227530794
4156,-27.590208642654925,50.92588182147723
4157,-26.79398103789966,37.014233388062934
4158,-34.83910685186868,39.97511495759774
4159,-19.778737175011337,66.86334643889991
4160,-38.230944656923214,48.431878705260814
4161,-32.96056294092252,43.53970912284385
4162,-20.965679266477885,38.44508750819961
4163,-12.90911529209916,52.40296310425861
4164,-26.790247761819334,29.38294856665281
4165,-13.121286378489524,51.900681859769456
4166,-5.19084016633242,38.114602463070035
4167,-35.22358589230648,44.13723194757127
4168,-21.657929331493328,33.889869719976694
4169,-5.413442159697949,50.294726716731255
4170,-25.886476171005278,31.36424042710059
4171,-21.16517220621144,29.54009821491798
4172,-23.345147803013006,35.35010470243279
4173,-35.06559842417159,45.87533179520672
4174,-36.36579975204353,42.0204130771181
4175,-33.77522800494766,44.7410260511816
4176,-16.84873319858463,27.051319686222577
4177,-12.404580339311028,63.08949710636041
4178,-27.15294398333832,51.24091645897089
4179,-4.605466484659424,40.381092921716075
4180,-20.82549761900604,34.77083693701886
4181,-31.750129686977566,34.066442666421345
4182,-33.56429777389219,38.13771478982678
4183,-29.22673095059851,54.91040823936065
4184,-4.6237917978144125,39.993684580304816
4185,-52.16212054332822,19.577765359077382
4186,-15.870317548602586,28.401852072277805
4187,-41.839807117202035,45.455124762353655
4188,-17.46332001529486,28.332802525026292
4189,-22.510874381045564,30.5730282744423
4190,-25.91420180227365,31.90426872984806
4191,-19.311371168267268,65.78719372672224
4192,-35.602505616079505,26.732180745634857
4193,-10.276737638488155,51.42018061110047
4194,-16.103632850691536,28.52624853442763
4195,-18.09823822578265,28.122738988578167
4196,-5.76125446024402,32.80444902527841
4197,-40.17308629721897,45.64211334140121
4198,-22.893340317885357,29.369730661163096
4199,-27.465783974720807,29.47612418428931
4200,-27.861932645543448,50.87603360193143
4201,-39.73589731361313,44.62243154659555
4202,-25.66930564526158,54.35192124490646
4203,-3.872032916294547,46.91443385353619
4204,-7.629899580721737,31.388646047719938
4205,-8.13500898082883,30.906388506709906
4206,-2.8159707345081864,44.61107225910217
4207,-9.644756129059218,54.27973913388871
4208,-9.667749897442066,53.989224786456795
4209,-27.49894894101395,51.092264484410926
4210,-5.388667771328745,32.98767379428139
4211,-41.89734785145358,46.08976210423003
4212,-11.366302195974846,63.3409846248446
4213,-26.542590105751312,56.23901443971348
4214,-12.728934213281306,52.33887069264197
4215,-33.62218447009983,44.73426254032007
4216,-20.46822281670824,29.792002140896933
4217,-34.425210969091815,32.173952557908386
4218,-26.197865704057477,31.93994263407396
4219,-42.12449756364269,44.87990217543288
4220,-11.145435343696391,64.71574001276876
4221,-36.68500239309842,42.06996132734578
4222,-33.511056749132095,38.46215904085086
4223,-5.197648629398594,39.03831689236614
4224,-5.353505966989495,50.355101411584286
4225,-27.435638825079423,51.11902705369371
4226,-29.54938497903873,54.871778001519594
4227,-36.938769235491385,44.31305227025473
4228,-35.70756867101723,45.30172693368384
4229,-27.3584587935291,37.74607174903346
4230,-29.20605901942145,54.81242610401838
4231,-35.74288356583309,46.123752145079216
4232,-34.00093852259603,32.96811968811034
4233,-24.134184151364703,50.370640991373335
4234,-40.006117904682604,45.12786379852156
4235,-20.849887791363315,35.120093446179595
4236,-34.078308491152335,35.87473468148595
4237,-25.04356666046577,35.51063897069763
4238,-13.812458985902367,28.798035668075062
4239,-18.513887754483218,28.258394919477944
4240,-34.560383745260864,34.460131834269816
4241,-17.141588042087914,27.221603663178104
4242,-26.019597319380576,31.982735779726365
4243,-25.223255352556595,34.615957755940734
4244,-39.73744127726075,50.83352312593218
4245,23.74341456859674,40.59887852481889
4246,-9.822656167479465,51.21829506345656
4247,-27.96549275721854,53.45173618368025
4248,-35.2762708635021,44.174483984943244
4249,-11.380716866050104,62.810564764442546
4250,-13.645664109539997,51.6536456897021
4251,-18.65310083238997,65.76125295386103
4252,-25.55612935088382,31.063128905322333
4253,4.099508636456368,42.84205494663392
4254,-45.60672815943088,34.21419120094487
4255,-28.141295367726148,53.44373725985565
4256,-27.246607388069055,51.22538448953455
4257,-4.043346665296792,47.072486619677484
4258,-5.634821454417143,33.06413873720034
4259,-10.381826684031735,52.117632503901234
4260,-24.769890465898598,54.17367726149979
4261,-36.373589178798056,43.62292061786064
4262,-35.8855554886961,39.526604061381015
4263,-25.694056600403762,57.28236396718843
4264,-19.840699653674957,40.45255178227598
4265,-18.52167006498691,65.85091853969264
4266,-20.51349483557034,29.716005644859845
4267,-35.9597575379779,42.03782682389553
4268,-25.317634078038676,56.29216408554542
4269,-48.69176337303492,34.155622406704715
4270,-52.716596430885794,18.193670754435995
4271,-39.40039299042797,48.87556847060565
4272,-34.248976629150896,33.855872169073045
4273,-38.62031017193779,49.621094552504275
4274,-27.34661553977656,53.57091626040214
4275,9.953064765676192,56.633182511149215
4276,-33.44081334877872,44.7395114087242
4277,-20.55717978203758,38.78720168660308
4278,-11.431962992671577,62.478297647910466
4279,-22.74666001562091,33.852881374130234
4280,-42.07752166055933,44.415342988097585
4281,-38.608731955371624,49.621255976826085
4282,-45.192157352919175,33.68996927752884
4283,-19.91084300105682,40.453370928884425
4284,-33.95422576234971,35.67148994350945
4285,-5.594672428987032,41.726264473568364
4286,-41.626592326172094,44.59781223649392
4287,-18.17395031817363,28.098273157837067
4288,-23.514043336984845,35.386725624678924
4289,-37.02082342005825,43.091498191711665
4290,-37.17952520785686,47.68599713649743
4291,-14.964437000025132,48.94240053160004
4292,-24.53394119739119,35.36330954659218
4293,-24.116312136138266,37.72475823399412
4294,-40.377061271177595,52.51875485164892
4295,-14.053413494808561,51.359789259787476
4296,-12.465825533153417,51.908143098280135
4297,-35.98268064002126,33.0047843560229
4298,-23.89548064538212,35.32789011773616
4299,-39.06671510660196,50.42586817409899
4300,-34.26786116918238,26.699357767127257
4301,9.91126128255351,56.03127746528609
4302,-24.188150370420832,35.27448104598173
4303,-10.280611687757798,53.14258131283681
4304,-36.69527011340034,47.446587849737504
4305,-9.762220389088954,53.28205333909369
4306,-25.927812837850453,54.70226455136212
4307,-10.608028245534086,54.143817093028446
4308,-26.639799155780626,32.029668315055886
4309,-10.619335517676712,52.07214013425985
4310,-25.297872833869217,56.57503138607711
4311,-34.46553151976546,34.34826189959073
4312,-27.998686909526945,51.208012642763876
4313,-39.29942102909867,44.93443048866576
4314,-30.397279811945477,53.04368246022633
4315,-39.66378146450977,43.83102208414503
4316,-6.440082313526544,50.47939180315937
4317,-35.35027534597751,45.543092013120926
4318,-15.135846908217966,28.712130278986518
4319,-14.767253753985749,28.6326570876957
4320,-46.251532307478875,33.911716313713185
4321,-34.73486030723796,36.81533655061565
4322,-33.310885409153386,39.20305069139308
4323,-22.6398486239337,32.75956509493506
4324,-21.40236241570326,33.4976616944469
4325,-3.8987180866673325,42.11152520785545
4326,-21.18427703170152,66.49348173206525
4327,-36.425862788834195,43.77705923985271
4328,-33.57363542472118,38.49089621914885
4329,-33.26334081422599,36.51286343181209
4330,-26.993020147704616,51.19774640540545
4331,-22.899692813635244,32.95512400628507
4332,-26.021305961417415,30.281886931737297
4333,-39.92567720182063,43.64360343315163
4334,-38.42571791617752,52.331429022569665
4335,-27.06009456675204,54.80168148381725
4336,-23.871673513971825,37.92631270856262
4337,-38.53976174388619,49.62489132187451
4338,-16.01975358425174,28.44771419064931
4339,-41.68054236397088,44.63509572700267
4340,-29.57989451860706,36.55859278309985
4341,-23.150164962198684,34.09506695148047
4342,-30.86636648134574,48.485439624785236
4343,-33.51338815046545,44.78794766692822
4344,-35.65844081269512,45.7610658049685
4345,-25.435219381827423,32.71407690182046
4346,-10.446482555672688,53.812266524254355
4347,-25.016484159103797,30.459347978048882
4348,-14.977339698469214,64.97167009246886
4349,-45.45424906060824,33.57293443074657
4350,-24.787242627451274,54.300577943333934
4351,-15.309394796448691,48.7023404139964
4352,-42.602516038599994,44.68130600368952
4353,-36.094950497604664,39.87847061568976
4354,-38.48028288215154,50.672955486598546
4355,-28.502322367429652,54.69108420179037
4356,-10.251160487559888,53.722801568540994
4357,-34.68396690877576,26.41093741750186
4358,-13.123805588287722,51.72629003222091
4359,-26.670229167764067,31.087254494467857
4360,-40.126628615205654,51.59136032370988
4361,-29.18715548694905,54.92477428092256
4362,-20.8002856062882,34.633861064930144
4363,-6.775165223126555,34.97860535078843
4364,-6.43319798009438,32.912252002208206
4365,-36.08748570013202,33.470400688049125
4366,-27.905388238717702,53.395841288685006
4367,-33.361721945228425,44.595028240878946
4368,-35.107593720432305,45.74847759337557
4369,-25.5050645663506,54.52804692736902
4370,-24.352385995220523,35.368022543433696
4371,-12.529726447795175,51.58519033040655
4372,-35.48581739296548,41.85329628542483
4373,-20.88373879685295,31.17501367613689
4374,-25.87311418153511,57.51109023387966
4375,-35.50830436633461,31.716211454271328
4376,-24.862602708108163,50.11502248269535
4377,-37.37883201159713,30.511664566372048
4378,-3.6896517147911503,44.067216225829554
4379,-35.284838313121675,44.260129835402445
4380,-38.459688394746046,52.249853519103034
4381,-4.967969531336275,42.46074522841962
4382,-15.13380130379004,28.770476304395185
4383,-24.209603825739645,37.766611092508924
4384,-34.61200874087924,45.58109888685555
4385,-42.77270332774814,44.668914087752206
4386,-18.773546641552937,65.6906018307981
4387,-6.218961377891342,50.44624243947922
4388,-9.441723974934678,50.56866137463355
4389,-25.665739775642912,30.357187219514856
4390,-7.173693827432051,32.26033163217153
4391,-4.850260650614693,41.988618018890776
4392,-33.431011368366796,31.05961092805654
4393,-27.747652420503755,55.165870263331584
4394,-52.18545829769276,19.816769941508454
4395,-25.278871763591425,54.73145596196725
4396,-26.285620341537964,56.24903309545802
4397,-23.488903079637044,50.50959074638248
4398,-40.18893668445857,51.773812376315945
4399,-33.75209845729405,35.80131514771723
4400,-18.53844122225635,65.52945903823908
4401,-5.62333207500193,38.79412324838732
4402,-25.537688607626244,30.294881433289802
4403,-29.668762658806948,38.01186328167183
4404,-15.90763386845636,48.06486299400102
4405,-14.73087015964639,28.578870454874103
4406,-38.705477502448296,42.73653372016163
4407,-37.08496973811662,42.3143077664045
4408,-12.507058236637276,52.46839699247841
4409,-26.922118733922137,55.73338030020255
4410,-5.453757169654757,50.5568747735635
4411,-23.092642367759577,33.62601453233199
4412,-21.09162130875034,38.80173428165316
4413,-3.90359352457919,43.98304765805988
4414,-36.86550816749568,43.91961549449435
4415,-24.947291429093823,57.01385443610809
4416,-6.081951465486608,32.98585323613012
4417,-42.165737045804796,45.51216037852713
4418,-15.901602682554326,64.31611578637688
4419,-11.0008606879208,53.91572872268003
4420,-5.588169670544129,33.33051310801321
4421,-24.038309599638627,38.81349551546953
4422,-29.522316354074462,38.192942972278864
4423,-31.15241929416698,55.10078257231999
4424,-38.261272007569865,31.985556574305306
4425,-34.786471478653965,26.583152172506164
4426,-35.281180535871364,44.39155529588562
4427,-41.058705653861054,43.955888242486175
4428,-34.650132732376896,31.95199596048803
4429,-23.92806499727634,38.87639432428562
4430,-34.64462078960107,45.732838937248445
4431,-14.537233742412651,64.44762620605934
4432,-28.949312813974416,55.67087162155253
4433,-16.970520015927143,65.83920164958309
4434,-14.850609973985735,49.82194600548507
4435,-34.87926822045049,33.65033169077326
4436,-33.36164086953562,39.01969359176966
4437,-35.68217951555267,45.831383223447915
4438,-7.184359692099984,32.34058670879082
4439,-25.665152456841167,38.20867496450718
4440,-13.3758119132662,51.453859709109
4441,-26.842353800095772,56.05132429900087
4442,-9.938367962193537,50.17188759004369
4443,-27.58715737510245,38.32741974517017
4444,-8.953199860642611,52.841425030997335
4445,-23.341853038041236,53.18310067264914
4446,-23.576955222808543,53.6861469699742
4447,-25.10598167640089,55.123750116188674
4448,-33.30494208035285,39.04373581659475
4449,-40.30057094188048,43.2836696398648
4450,-5.566854228960827,39.42838059834787
4451,-11.703680398403963,62.05527167769138
4452,33.58821613748201,40.18007214025635
4453,-36.773718257027085,44.22567256791482
4454,-38.57720991820946,52.43983514378334
4455,-10.428227775670846,53.89842679302864
4456,-7.024314889898368,48.99524096800459
4457,-20.350101200073336,31.23049013347123
4458,-14.359989281364728,51.084052918457076
4459,-16.37286744360925,46.83479665013714
4460,-28.6693840693333,51.43496650708671
4461,15.667747712498443,57.29334362968939
4462,0.1886921729572415,45.98206347922901
4463,-23.948776832043727,38.0513124374256
4464,-30.53531419731035,53.13452463897641
4465,-31.259548478710478,40.17564625347977
4466,-23.398388961072847,50.49719717251384
4467,-18.053353828090206,45.05974287223791
4468,-29.37883041782165,49.86886395890806
4469,-7.797857147407618,40.93976847564257
4470,-16.317237053485286,65.12052888426209
4471,-18.485263836286325,29.77241305023555
4472,-21.180825805284805,31.564803474774756
4473,-17.476786319918872,29.20632690125566
4474,-19.874395816452736,40.576325102130546
4475,-20.380223996649825,65.22686684479412
4476,-40.47447795253814,53.08076912139349
4477,-38.8680179079195,42.64366560501776
4478,-36.35100025064504,47.126065827325
4479,-5.188025477241676,40.2352880448695
4480,-5.569468279902867,39.445603669035485
4481,-33.47569876489354,36.41632699194621
4482,-6.689961882966473,34.181775639213015
4483,-16.442781421807307,65.65172173292801
4484,-16.393690701272888,48.66447256458425
4485,-19.266952204931663,31.08700594568231
4486,-20.668713459872688,31.28151298712793
4487,-7.860418127570266,50.09328008818973
4488,-37.91098106154615,52.818594832554155
4489,-29.244941409749483,49.833687770134766
4490,-34.543474528201656,36.756339631929514
4491,-17.472315877976815,63.0792704312886
4492,-23.23806066399759,33.9612593326116
4493,-17.40598236216422,62.9510512561934
4494,-19.95581328212274,65.21649771497688
4495,-38.69977899103073,51.32823488703789
4496,-6.035078725641174,33.35166317645809
4497,10.332399264714532,56.539256332235205
4498,-35.37327285439414,42.03484681440769
4499,-38.18975049513808,31.998054129779312
4500,-24.05238444282912,38.983430039754516
4501,-15.101930904346649,48.62952728185333
4502,-23.086262878868737,58.23874918832542
4503,-37.712948038394615,53.413429355979716
4504,-7.601896636235951,49.65631027909466
4505,-46.953398946811475,32.263808679121695
4506,-41.50154230142209,44.26163189906227
4507,-33.14290879099042,53.99889760406547
4508,-42.58333212471648,44.92555654510852
4509,-30.968736363480964,53.16676591862255
4510,-6.913214273248106,50.70371703819297
4511,-9.867995839643383,50.23323873648718
4512,-4.621627969746288,42.13172444469622
4513,-40.64315420392897,43.78067815625788
4514,-4.723438684651068,49.51886489776636
4515,-21.385324433760875,42.41694718510967
4516,-47.848561593583206,31.53297287096113
4517,-40.55685266700051,43.54864559595129
4518,-16.1166250461968,65.05689789219329
4519,-24.690805373880075,49.71067096214592
4520,-24.199000802655927,57.04977212793708
4521,-4.863525044236063,42.225980709983
4522,-6.100530781787909,37.84713305231745
4523,-7.412601128891575,33.89715805480493
4524,-14.867605053857641,64.99331966156835
4525,-25.429823742435975,32.92128009510678
4526,-32.083307956900775,49.03206535565582
4527,-35.211019864992195,30.895657181656457
4528,-16.138418774477145,65.68409617723759
4529,-27.300586415474672,55.82364216435743
4530,-23.411953586661646,53.63803253696703
4531,-27.615011016220524,40.386611624207355
4532,-27.27409355034537,32.03637236051984
4533,-21.810068452009958,38.940108095508684
4534,-12.84308634949782,31.43975333952478
4535,-26.927569036696397,55.245686118999366
4536,-16.189569443258243,46.159717574341165
4537,-29.173728895448836,38.43056899355257
4538,-6.0877224811267325,39.68775661145536
4539,-35.920389891733926,32.59406572722181
4540,-29.870835423580022,50.78908268580886
4541,-30.935031513088372,49.116050776104345
4542,-14.952948635220249,28.79567083341493
4543,-15.430999026390321,49.40308868847873
4544,-7.434639675257413,35.73948791753281
4545,-30.59164229422817,51.30374895712315
4546,-30.758181317393714,48.351115615311286
4547,-36.878182060069236,42.27627781169606
4548,-19.78799816797439,43.17176577499019
4549,-7.481222673399517,50.97802268079487
4550,-23.368751780262,33.920686019078396
4551,-8.744421931743084,32.216950933841616
4552,-15.989815016787652,48.10191703885555
4553,-22.164472883622405,32.60245601288224
4554,-23.221034107729253,50.24770376209192
4555,-14.752707480098568,28.783949885050472
4556,-14.621675658690098,28.84972527235238
4557,-32.908484729333935,26.144479108369957
4558,-6.182538925180037,39.53683179285064
4559,-24.911833313008085,55.57779205039621
4560,-13.859687026959511,51.05909228175077
4561,-19.09820565685574,43.545997584641334
4562,-16.569864002622833,65.69477787965222
4563,-26.01855284081982,38.78059280229537
4564,-20.224686028051035,41.04945934851563
4565,-6.583094631499208,41.75159994980697
4566,-20.562150577818983,33.33024458909653
4567,-5.947207915304674,46.25994526703642
4568,-9.378150635592002,52.7833489886725
4569,-20.98679329396865,33.36245884666568
4570,-36.826430108219355,53.28802509990429
4571,-19.32171589708142,34.902000494514006
4572,-40.249224807073624,53.552379952744914
4573,-31.122890675252368,55.191611643672566
4574,-38.38116908016393,51.21445630951262
4575,-28.19995274443253,29.05357959187774
4576,-22.755874817360034,32.544552982096285
4577,-31.397442211668665,40.17889051560013
4578,-24.489816314605196,65.29623717636241
4579,-8.892076587523357,52.1823519586684
4580,-38.541203556505195,51.263403785023634
4581,-18.685296704671266,41.316367701880885
4582,-27.1264609791319,40.532841748265085
4583,-33.04847092809059,27.663151763745315
4584,-21.14610723296931,39.42867336543281
4585,-7.4567228947172515,50.35020760640748
4586,-31.41951467811239,49.0422689366369
4587,-31.14454351872747,49.75395990012653
4588,-35.92695695381324,32.68104783506807
4589,-35.161824268433435,31.173438359894504
4590,-16.508091911471332,65.85279363715732
4591,-32.382217118574026,49.762945299240734
4592,-37.3195354252208,53.50403464787018
4593,-27.597778353726966,40.56084184795988
4594,-20.90032816314618,38.95786920634331
4595,-31.136754317747066,53.1624006921914
4596,-19.63579834665478,33.34441819702947
4597,-5.465553427335559,40.194942747996606
4598,-18.39100166001099,44.22830524133873
4599,-22.46422877238859,66.61436822352043
4600,-6.31457065378488,39.54074439187739
4601,-7.809052437027282,41.04324581129728
4602,-24.782322989791236,55.3504115961696
4603,-38.80550388275119,42.61617161646634
4604,-37.4362959918836,52.29431176025045
4605,-35.80872987885214,32.080280920566075
4606,-31.477449201556,54.13732694818294
4607,-33.01137555861452,54.18598349997528
4608,-47.192724524043186,31.988362303516702
4609,-31.137670291851958,53.28437320610012
4610,-17.321056612262534,48.296138102095675
4611,-34.355543774460955,45.89447385972257
4612,-15.38919661195619,49.71967624908847
4613,33.664237105354424,40.228606959686545
4614,-32.145490604558155,49.928132540291514
4615,-31.1504844023773,40.13910072984615
4616,-20.26456772417883,65.2095156087019
4617,-21.217048347352815,32.45688871376777
4618,-4.218615656803757,43.96117742523174
4619,-14.449887204753166,51.03976309798394
4620,-35.988862208291515,31.65848271000799
4621,-5.192621828189269,43.34988586388512
4622,-37.15008459926432,53.609696047638465
4623,-24.353051622457407,57.42818255860406
4624,-18.139741581965733,42.762569881197145
4625,-16.43943840982345,65.19781387118802
4626,-19.569053438886243,43.35085924701019
4627,-30.374258976042384,51.118739336152196
4628,-32.88257488540099,49.807821200365254
4629,-7.6605558822760855,50.05166209410902
4630,-31.452248381656695,52.018702451828126
4631,-24.861694528416013,61.88247364143408
4632,-13.426960253210186,31.58741204936984
4633,-14.70806629451196,65.0416050602537
4634,-5.447929614304778,50.6244694895455
4635,-23.118135509332735,39.045146983343706
4636,-22.925046040975325,56.475775461119305
4637,-17.20175233049564,65.52281850797834
4638,-16.64138256726388,47.635676666090724
4639,-40.866953392626726,54.75560708285652
4640,-17.196977837296448,31.35481542414259
4641,-24.642661377089322,49.509829698813334
4642,-6.096074815243405,33.164955359738066
4643,-16.254137654146053,46.08809875761473
4644,-19.53677928323874,43.049452439338296
4645,-38.4516878708709,51.62889957620206
4646,-31.699836827554645,55.01198743733295
4647,-20.849405726782674,39.516761921415906
4648,-24.78182891420321,55.64431446980552
4649,-22.586389400491367,64.37381555995908
4650,-5.202841869044582,42.45809666367533
4651,-7.314783669636187,34.06623063284177
4652,-12.778077571827598,50.2946346247816
4653,-32.34195905589683,26.349132914947027
4654,-37.005796388472675,53.796424711132815
4655,-30.629221091844464,51.803487004266415
4656,-31.1874482178592,55.23755414468569
4657,-32.48603944150947,49.761673991566994
4658,-56.780468984814675,21.354548763522214
4659,-7.609116245629669,50.15439691003016
4660,-30.568179356147347,51.292784766607966
4661,-23.603711981890243,56.43598588706755
4662,-20.422006960679244,32.07256738621712
4663,-40.90274031915441,54.898408051320615
4664,-7.8561895751968915,41.28657057221324
4665,-31.247510892587492,51.18525520242649
4666,-24.930848622988886,58.219243645193586
4667,-13.692798945293646,49.79553935420313
4668,-2.740509113100507,41.14988670268715
4669,-28.449169961080262,48.457511922172905
4670,-38.36420119514346,51.443236757948696
4671,-31.809245623472293,54.80862682287911
4672,-31.01530384089138,51.70936472085107
4673,-5.152507188679903,48.9475264447253
4674,-13.56796877007705,31.585214121155442
4675,-16.343412607002914,65.31195716106383
4676,-36.300776156968986,53.21022915863219
4677,-22.377149597816892,51.24947772375638
4678,-19.571892637222707,32.94208398794238
4679,-23.245064760763068,50.21848270308023
4680,-20.20541576788352,51.79662462760048
4681,-28.287569523760478,48.498658222531255
4682,-21.988559993343078,41.17626054289167
4683,-15.295606372437218,49.11534894314962
4684,-30.48210151483798,47.63854784940808
4685,-21.005007274658265,39.25408082726136
4686,-40.868800446302394,55.01578157263323
4687,-29.475919067177976,49.72881408575521
4688,-38.88813280521504,54.1877221439621
4689,-18.63300152911095,43.654864352202715
4690,-41.95603905160193,54.89599931537337
4691,-6.1867713216811415,38.06794448547436
4692,-25.70975885618788,39.089654860267565
4693,-16.7773109956349,64.30101106783154
4694,-14.79474282036699,64.47229679430644
4695,-26.358248760054472,39.13535643029206
4696,-7.5590210149627195,32.5282190441992
4697,-7.878978508581409,52.18972735333523
4698,-13.185992739343154,50.363147801988234
4699,-24.191382786832875,57.531183417160676
4700,-6.356800415152906,42.88515511414722
4701,-10.661790927818293,32.20480112368799
4702,-7.741659784597603,51.277789820927964
4703,-30.273029589183494,45.0966539634408
4704,-18.763335742322127,43.84827534078184
4705,-21.82043290278514,53.13931430614235
4706,-32.93961543008117,53.02071286683782
4707,-5.60260499719041,40.35822279334755
4708,-21.64493296801887,39.82129233838203
4709,-24.959586974826628,58.94851357047793
4710,-29.662930815421753,44.508554108955366
4711,-31.923136049898364,49.315612031436224
4712,-22.677501121595835,54.81880499822225
4713,-27.385635686933025,39.32381613852591
4714,-9.07136803558616,52.506258577398604
4715,-5.494851368590703,49.7201530186772
4716,-40.756690264129986,55.06556865189179
4717,-22.400957666795886,53.845329737279926
4718,-18.724717925590234,41.55173778082076
4719,-21.531604602136518,41.4265074065607
4720,-12.796366504719945,50.154357025583714
4721,-29.54361615309048,44.515232885565624
4722,-39.579730948540224,55.00117377759843
4723,-25.21058916383393,63.28116067993536
4724,-16.159517693010038,50.23448470806429
4725,-29.534076026574912,44.60429467086771
4726,-22.650017738440837,54.340546218681524
4727,-31.720759552074977,53.93561839372112
4728,-31.124512112326425,40.15327915770861
4729,-11.017055594436957,54.82537350119758
4730,-19.82909801412471,31.846589916978207
4731,-16.600975744082824,49.33305975872633
4732,-16.512690556050284,50.83392106098025
4733,-31.34171718948686,53.150478244051065
4734,-7.65564822961874,51.09395623608259
4735,-33.59962286374529,31.073744511252084
4736,-23.090907023105892,58.06420760860529
4737,-24.05571023947615,49.530512415527035
4738,-7.3948095769550575,49.213096090795105
4739,-22.44491708715576,41.12666682065028
4740,-18.382974451064413,44.08961805016096
4741,-26.163839863363478,39.091784556838256
4742,-8.96744021632389,39.56453479345718
4743,-19.182402080279736,34.81887696830986
4744,-19.424491634249332,31.738501129552347
4745,-35.315429255992726,53.06648168955673
4746,-18.019827196409825,44.86326955456704
4747,-26.021165156636012,63.99470055193583
4748,-17.610199064057635,44.303235164245905
4749,-5.4190073676167945,35.21943618719304
4750,-19.112919740193345,35.179121583586
4751,-23.288572125128386,58.074498538664706
4752,-24.926298034708633,49.073222009861304
4753,-22.642881606014885,54.61771677478866
4754,-17.19338814278375,45.584680871047205
4755,-24.86307485706375,62.28363370915507
4756,-32.68551117546238,54.36990924300914
4757,-29.505872142109414,45.10096904693019
4758,-26.758883249558775,39.5503941026332
4759,-27.645857792297694,40.61873424284623
4760,-32.365077531944145,53.79638162665756
4761,-19.387570402686933,33.67912853570609
4762,-22.21269034318522,53.71211050827819
4763,-26.356608533402213,39.194596440672605
4764,-40.950281252310766,55.16790322796521
4765,-12.522495769724786,50.02658465106094
4766,-26.94442841392291,39.53944316747155
4767,-8.362647910037515,38.07761857377962
4768,-21.655404397516985,40.05272039663052
4769,-16.054680971546414,45.53795330773474
4770,-25.265696784271015,65.16267473724989
4771,-17.034057174124037,48.04224535403646
4772,-18.540389317638983,44.699651689706954
4773,-30.73471263724795,57.01420243475196
4774,-19.133510255008403,31.763124163414254
4775,-25.391803594168607,64.62054182960748
4776,-24.464566993471895,49.32347727538971
4777,-18.564668016999796,41.266551605444
4778,-21.467763394142743,39.927477022956666
4779,-22.840412641303725,39.8075223139542
4780,-29.825052725115597,44.8827327024369
4781,-24.631158306257547,62.618569819812464
4782,-34.11688981006908,56.23824713214731
4783,-20.483845267920326,61.03269351324501
4784,-22.761768104512974,55.00357674861397
4785,-17.256175720015154,48.6141439683197
4786,3.7876919682619046,42.73693179079144
4787,-7.609191333416657,32.55880611919917
4788,-29.177673009308652,44.63940146536988
4789,-39.426201385409065,55.13223053116007
4790,-19.35927624361276,31.757866701195958
4791,-25.232746504315614,65.13823309232623
4792,-25.91377065274834,64.17620083434078
4793,-35.10122902288624,55.779797432715235
4794,-7.841524208000729,52.96643691804416
4795,-33.46305897031152,30.944182639933985
4796,-23.93078127469145,56.483137382490604
4797,-22.852610184757168,64.90306060185665
4798,-16.776720783900355,64.37792171379586
4799,-4.957842304923307,49.43927353918019
4800,-16.672100334796493,64.63480318886378
4801,-7.75654598118506,52.87697609190132
4802,-25.75197630430612,64.46699176583456
4803,-31.574044525260067,49.4195754964934
4804,-10.519785752117027,32.74178408209195
4805,-25.518426654500765,65.14132172266939
4806,-23.21472848210289,55.714068060519644
4807,-19.02225796101246,60.95999587335017
4808,-20.243417153245414,33.328373468489104
4809,-18.398992107001742,44.848965258514895
4810,-37.96270055881614,31.98053519328447
4811,-24.153834485422834,62.539183027467416
4812,-16.55310542450372,45.39673621345297
4813,-19.553550389891694,60.32311882347487
4814,-20.249028887708057,52.52473839236983
4815,-26.831392302582803,39.529910932227764
4816,-15.88470368273563,48.837867989921634
4817,-17.674065745016392,44.533244878021236
4818,-25.288938684354573,65.51060381214194
4819,-2.8791711952359824,41.19345402746327
4820,-17.160721049522426,43.66205030176603
4821,-4.264348859638166,41.372045496957405
4822,-18.69479603186656,43.57057781674132
4823,-25.561912929441593,64.93487301460297
4824,-23.008720004176684,56.37714703091759
4825,-31.431149196516664,49.41843803983264
4826,-4.379728859765841,41.3467334891006
4827,-8.266835671336361,33.43686267021838
4828,-21.28572135367422,39.833309611147214
4829,-23.02040478841953,56.45154508966968
4830,-23.2879637869411,62.5596029674701
4831,-4.508483926112004,44.440252916099716
4832,-28.865237221065897,39.98266597773974
4833,-24.596075286027396,62.44064115739002
4834,-24.941195997725583,58.988850682962536
4835,-11.036618253469419,54.81928124814837
4836,-34.80931503478502,53.28947676107928
4837,-13.635455960046873,31.657853538398168
4838,-43.0989771181678,55.60812430288728
4839,-36.56405397493898,54.04443385628382
4840,-35.87631797948902,31.957778872246458
4841,-28.509189759461226,43.609676308191574
4842,-28.98188164875541,40.06084775227494
4843,-15.175934421981587,30.399693230839727
4844,-15.680305215356693,59.764161427258465
4845,-7.161045650502044,48.96037331954235
4846,-27.682532165980767,41.817754106538786
4847,-30.71143354970502,57.105930101535115
4848,-22.80606590784128,57.3160790361472
4849,-21.90479612448786,51.96473535978337
4850,-24.763512796099043,49.1292556363537
4851,-30.158444691936193,44.94042958853434
4852,-26.895679101979887,40.81700544895814
4853,-16.934830069372996,48.77612018739984
4854,-35.11455380439726,55.863400874003275
4855,-18.2920716736604,42.11472356103496
4856,-17.379566351462845,47.57519910694671
4857,-19.19201156908827,31.782527983677017
4858,-8.201435731110545,42.76677795965461
4859,-13.968374744073216,31.625733212985963
4860,-41.04344562534093,55.45826945820795
4861,-16.477183873327856,49.243178539641356
4862,-19.871404782373276,32.08571140676678
4863,-24.699495275073943,60.967817322266555
4864,-40.3058992965299,55.06448058128828
4865,-17.52603296131454,31.724124875240513
4866,-22.581206632105157,54.4607360950121
4867,-18.547122814405153,41.54804988311111
4868,-26.167609361956508,63.94710165262874
4869,-31.24439174943522,49.35491683418126
4870,-22.697045878483813,56.37930440086278
4871,-33.68635586285925,31.143426693591472
4872,-25.01573893146389,66.0481161745415
4873,-40.141054563354714,55.36550977957981
4874,-8.34923813332346,38.147514380669975
4875,-15.65517853921677,31.452959478815593
4876,-25.862467867769197,59.561181436855065
4877,-7.513693827251671,43.47176061168739
4878,-18.19746936581325,43.755059131827075
4879,-23.992707847543862,61.15610043979623
4880,-24.379661621404008,47.157137658256346
4881,-33.704194314480155,56.894694609251246
4882,-32.66514454429725,27.63327126332357
4883,-28.47324960573815,43.61513897150992
4884,-38.71274538943959,55.37713801200482
4885,-16.923629121575598,31.999891144448128
4886,-19.097141844850995,35.44916089494631
4887,-34.8906665214182,56.44584821436766
4888,-25.275477463468867,65.74857542004742
4889,-64.25506586107986,25.192989454735603
4890,-24.061281471352014,65.9693531205099
4891,-16.096331001158873,50.329817442263646
4892,-41.80568282689841,55.403139923976354
4893,-21.612995488172658,53.209946386495055
4894,-22.233753979047215,40.72222529618857
4895,-19.691886651410815,52.45392020535183
4896,-16.96266451414409,32.033924232633694
4897,-36.58188755043288,54.80246779917268
4898,-15.398974157140902,45.55033385523277
4899,-29.37426405513336,59.06990905583717
4900,-17.510431037478117,31.72981623907236
4901,-39.35060117829456,55.565009829301154
4902,-31.64716460245098,52.64821595963693
4903,-14.889458193826815,30.39261029804174
4904,-25.857642575579106,64.8763801184276
4905,-38.559213706242325,33.9143867473572
4906,-20.270135083796912,51.695373400471695
4907,-6.467888460865094,44.85092041210011
4908,-28.79238182499523,44.95330548205572
4909,-24.763272578573567,67.87839155910015
4910,-14.477309735594325,42.65467034692761
4911,-11.775132412235154,32.7476263596825
4912,-7.8414466308532225,48.61488861477968
4913,-22.9029329535423,64.98636544451199
4914,-30.730921761436218,57.261226340521894
4915,-10.84963570637952,32.752222769811354
4916,-8.342117329147538,34.03625226681946
4917,-49.57595665601946,21.268513373236825
4918,-16.053498378256343,50.592552399821685
4919,-28.98081179340236,40.08189026572854
4920,-39.61123129306831,57.373058083857195
4921,-19.57446425782519,60.449884823223464
4922,-29.170440304681364,45.539360446562085
4923,-20.48721686548738,51.815523399677666
4924,-24.964695703895565,62.112958461263005
4925,-17.056702424127245,43.298658645456506
4926,-24.623612540777682,60.39774617010614
4927,-25.534957854727097,65.4939864140776
4928,-5.429408509220062,48.99731989641338
4929,-17.00820732902147,51.1485767304432
4930,-36.241300931892916,56.28276234766826
4931,-19.098790914828985,31.81016985116769
4932,-18.1794967094255,37.74520247891693
4933,-17.146890090201257,47.16009336844873
4934,-25.88506199437384,44.2656928371599
4935,-8.1840722565319,43.11616062028051
4936,-41.07743206595059,55.35252354165441
4937,-14.78491073419045,42.547713824269735
4938,-25.43472743411892,63.14489632708836
4939,-22.611631801997518,54.66218992051117
4940,-18.421220152505764,44.92111983380019
4941,-25.63149603111104,59.85672646522919
4942,-16.633625415290386,32.44431164811495
4943,-16.962828514494042,43.32704154737575
4944,-27.877388917621087,62.53369922200804
4945,-12.456699760675148,49.582030719168465
4946,-26.030089973633984,66.7152550386547
4947,-8.399410619386122,49.76292460178089
4948,-36.15110413979659,56.38579233295278
4949,-17.29774715738127,45.10369402459781
4950,-17.723401136535827,50.04023518571722
4951,-16.354782308126687,31.95904629481155
4952,-16.705413562085905,32.87955336852488
4953,-8.067183908722331,36.03532876702094
4954,-17.628982955880193,48.05601840845228
4955,-8.770484328101084,35.780455361160534
4956,-7.809692598685246,48.46571906655671
4957,-9.40368229576389,39.712893268200496
4958,-22.341445675297315,40.73965341724224
4959,-4.271816568131451,41.316797426181736
4960,-16.21833037882698,59.59436132924274
4961,-11.088982883435273,47.657213058542396
4962,-15.76439054924596,32.7868561839431
4963,-28.249969368576416,43.37611294019942
4964,-26.42432149402218,41.20077102922024
4965,-27.93908249679192,62.67621615631064
4966,-8.407014395562246,49.670328272615436
4967,-16.311464947309076,38.91462871785352
4968,-8.197959411413532,43.70226786177805
4969,-17.21649498816526,44.63527501649353
4970,-9.711788218509422,33.16486193691017
4971,-16.043428575491138,62.288575228295656
4972,-39.43637130910918,55.77583074416246
4973,-24.07786991563177,66.10758750736295
4974,-7.589364315438229,42.88136349248173
4975,-36.9244022608623,55.646768893654034
4976,-34.841044721379724,53.503791487585964
4977,-7.757542156470519,52.925079533543496
4978,-15.531649443085705,33.03023515788001
4979,-21.26107794314129,53.40854955968161
4980,-24.899291142711522,66.64270480489613
4981,-37.14860168307326,33.0441887183363
4982,-17.824585837492645,49.96390111455461
4983,-25.885946543459934,47.18036577895248
4984,-34.679477092528046,56.71012453258593
4985,-27.335463460555484,42.089385769873786
4986,-24.48439941299715,47.223033162075666
4987,-14.811354044517477,30.642184895884256
4988,-21.321871371873076,53.51247709520166
4989,-15.906901446734393,41.712425986498886
4990,-39.76472291536956,56.22158532105289
4991,-6.936326801296141,39.370249453218115
4992,-38.14059723215232,55.94666704373092
4993,-25.57285728984164,40.875685031048285
4994,-11.36220478444,34.05384270675833
4995,-24.766788164354683,66.90171049715103
4996,-27.164091105135913,42.22797078726071
4997,-20.284570670855338,52.459733548549444
4998,-37.17280306511136,55.68620657524876
4999,-19.16661341215548,42.96557970465169
5000,-16.127867865006905,41.62086286456553
5001,-19.875436385595563,49.00336471297922
5002,-5.9075971585666185,44.84024684379041
5003,-15.914193425793105,39.188849250771426
5004,-23.416804864459937,60.93987308687606
5005,-24.084134294836158,44.2121073785116
5006,-24.722559206601005,44.72123836653457
5007,-36.34640114011902,56.37151909441077
5008,-34.025884926441016,59.30337513681567
5009,-8.523061045540505,38.13681688490769
5010,-22.662842384932738,60.93419045147411
5011,-27.977297422006405,43.93359472376839
5012,-5.438037420255276,49.59214258014786
5013,-19.353490475787506,52.672200439412585
5014,-36.320399822372075,56.37767435956437
5015,-5.242587480696605,43.94139983191707
5016,-33.072639670644776,57.522773160560696
5017,-13.319882501163097,32.023563173331596
5018,-8.965004458157866,36.011862912898806
5019,-21.580474939255485,54.51256747930069
5020,-8.299362285578743,47.32951876927003
5021,-11.266445485886182,49.64390230755641
5022,-42.72764178874909,55.77048039117168
5023,-5.461207408155126,48.951177584788276
5024,-31.25969231857389,57.90990997134756
5025,-38.186683829826656,56.85268156052458
5026,-33.689529507559016,57.328943489416986
5027,-10.297805350297809,33.259965472601486
5028,-26.305641237441655,65.73070169220753
5029,-26.210893893990693,65.7406745009988
5030,-32.00791426898229,58.52200988371054
5031,-11.057983791046029,44.94822907767225
5032,-19.548393165760466,60.95196294696417
5033,-24.931578110428873,45.45913498272201
5034,-40.07404222281939,56.55307179016398
5035,-33.690195789072845,57.324653814807405
5036,-11.514685399994097,33.8172042255939
5037,-10.573178012601158,33.12154485048183
5038,-30.124556428387994,58.33382582801698
5039,-26.832514682770018,64.56374229558392
5040,-20.40244299822888,48.68144277283141
5041,-15.017431837578219,31.595735464337245
5042,-26.621291080325484,59.91061230720391
5043,-10.60553982113272,33.086166694223785
5044,-17.180161563883022,40.244828148507715
5045,-16.079487009361184,39.097351679385675
5046,-20.256426505119045,49.181322566080794
5047,-25.850558858479925,60.61664944779492
5048,-41.990239045513725,55.83115575227248
5049,-25.297437924052858,59.89282672371861
5050,-38.499396765542954,56.62208868040172
5051,-7.433922052169857,43.830946547114294
5052,-28.989237891890316,62.3401454302326
5053,-27.90495327652398,63.885885416610044
5054,-8.21554772173006,36.390340589604065
5055,-33.5932777137931,57.469909091663624
5056,-8.604491079830225,38.340081464924516
5057,-9.051302403437314,35.927870986438144
5058,-22.597293333252605,47.2094390152006
5059,-26.648152020986952,65.04645226412788
5060,-29.070789058341404,59.27487118248828
5061,-6.277598875270459,46.332105108283116
5062,-24.012855494636007,47.27524421046408
5063,-11.834379578992237,48.91764860742966
5064,-16.60288887624839,39.96833568243526
5065,-19.82045101881021,49.57356059927029
5066,-22.080893033591693,62.471588998175584
5067,-25.635894387696844,41.00262884531613
5068,-11.548598687702846,48.38834966793181
5069,-27.530959977740096,44.69855068717769
5070,-15.505136111601797,31.620336372070984
5071,-29.76645490482553,58.57670504854246
5072,-16.126970111976743,41.780669533429254
5073,-28.219358469331464,64.26422749481146
5074,-17.610124621207557,50.35960258724903
5075,-27.307049703315617,45.088587909631045
5076,-25.374505855476414,44.720762657342846
5077,-27.92041756592662,62.82970100884696
5078,-20.111874539049303,49.148854140899225
5079,-20.147490074060013,61.42708818804211
5080,-28.506461988180266,64.56396442255591
5081,-17.111093789414934,51.03853931773006
5082,-42.87121507005004,55.796374997795965
5083,-26.746255307496995,64.5893266031768
5084,-26.80798952602162,64.85329364576536
5085,-20.587189461980607,48.87071029496348
5086,-24.745541083567957,44.9603924740565
5087,-21.35871549102396,55.45475641282068
5088,-27.439814237991776,44.15895143334071
5089,-37.85507972393709,56.26380035516876
5090,-32.135567684330795,58.737681150453405
5091,-26.202105512867405,44.027511519406296
5092,-39.81089810540451,56.31920475960695
5093,-25.78160427366492,44.08835881499359
5094,-21.4793927194962,47.78895153394267
5095,-32.54820677448372,57.92054624750762
5096,-26.50804566330105,66.04900433547789
5097,-25.85930881674382,62.385248921616274
5098,-8.733244132862001,36.3832334199057
5099,-19.505652177649136,51.92715829604929
5100,-27.801177074557273,64.64797815476886
5101,-22.220953044778852,60.628140393211375
5102,-19.79071649290189,60.93003400590144
5103,-10.929728201944386,47.510377427012145
5104,-23.285394852679286,60.968908599088216
5105,-28.20700422654435,62.72835478247811
5106,-14.536801003133368,42.349830560417324
5107,-23.865279500176598,61.82914274036864
5108,-17.853796685193142,50.38638903253928
5109,-16.476868799886077,59.314973918550365
5110,-14.005322067672179,38.858000937178524
5111,-30.102850418717253,58.35479756396064
5112,-27.93308713201817,63.44205585467946
5113,-9.638496035038061,35.535508294420985
5114,-17.666736381579604,50.434667211500184
5115,-14.468306950547586,57.12080930606194
5116,-20.214586944574783,47.075192345784004
5117,-10.825392535491025,44.586628783366386
5118,-33.93726564903321,59.56919154604443
5119,-24.735014264729475,42.46692132529701
5120,-37.05222907469939,32.929664710932784
5121,-24.097289515974257,43.69491228941708
5122,-15.473712660624004,31.409117711531625
5123,-64.38560854058349,25.227487464149295
5124,-33.90038512134307,59.7710258604995
5125,-26.550452067061084,66.77401680614051
5126,-15.564714453809739,33.30767887884493
5127,-48.907498202748506,22.429374286442425
5128,-25.03162558058828,45.54259496040522
5129,-25.909049861119254,62.221832737297426
5130,-10.58893563581887,33.47366307185861
5131,-20.851877853757003,47.6540618769884
5132,-23.847466882225298,47.19854659597399
5133,-11.555105650132123,34.914750164055114
5134,-11.671488642983437,44.38081602189969
5135,-30.073437350257734,58.1428960173151
5136,-16.302831773827176,33.655883831777345
5137,-11.565814753702268,45.52156533361045
5138,-11.367840370124922,37.22006138466071
5139,-20.412515434253535,48.48881656627826
5140,-24.931805335435648,67.90627116320375
5141,-12.136446418222528,33.49369316112647
5142,-25.93194094548655,67.95953980326713
5143,-16.04278030969666,39.575738171283405
5144,-20.048272123441507,47.96935231084651
5145,-21.432645716761982,54.746580054500846
5146,-21.390271285572393,54.642292858395464
5147,-26.285726420057905,43.78474302947454
5148,-21.590176664776063,62.671118687158106
5149,-39.06704431460535,56.40389361477046
5150,-20.635582426575237,48.396173609548285
5151,-63.862696212884906,23.960534759067492
5152,-11.57737810913417,48.44794458897493
5153,-16.489275487078288,34.63758026476192
5154,-29.097166235507697,62.39327355711453
5155,-10.525583558758997,44.84724788239346
5156,-15.979084853368084,62.04787648828469
5157,-27.168598983188165,66.72191881467907
5158,-32.53869151284419,58.97205466050261
5159,-10.412884749655408,39.52249301016326
5160,-27.465098624335955,67.15426290943213
5161,-16.04178523890786,62.17642721308744
5162,-14.84168893693401,57.85607987863022
5163,-14.507228538844668,39.27208156915116
5164,-15.991171331043045,39.54799135922913
5165,-9.143594237569118,36.01550512714216
5166,-11.2984189621127,48.85022899894231
5167,-23.588245182919433,60.8111360346153
5168,-16.753296713958164,33.568232663129706
5169,-33.997210159872395,57.47561395635541
5170,-25.354044713884967,44.675027681454246
5171,-26.6441422002369,42.78193542027969
5172,-15.313139892488714,41.38077347013708
5173,-20.524978730819893,46.709587240851654
5174,-20.197468923297627,48.209255947948144
5175,-25.76194319367481,45.82420805437296
5176,-28.258454011748608,28.92073377774455
5177,-27.07556943776709,42.61390000016668
5178,-20.839591244797894,46.93116610359107
5179,-32.98458319473122,61.61688266402125
5180,-25.800457262464093,61.93548708109025
5181,-15.856600393068357,41.97905672061809
5182,-11.504000533830855,42.253415450556155
5183,-6.093238710725849,44.25371342056908
5184,-15.520966583845714,42.13328846337768
5185,-16.284746651586946,32.426408310609055
5186,-29.29042830389481,58.36331570413249
5187,-11.409818786907561,45.02304637414373
5188,-16.471222451534395,59.40265845862373
5189,-7.382119642643667,36.62197855431611
5190,-15.289967484702732,33.477135198600735
5191,-26.060584996992365,67.88800643229466
5192,-29.46065676623614,62.2326097167301
5193,-11.514786348917486,36.97154488208406
5194,-36.030138454915615,58.9434385460717
5195,-25.6559002714627,43.07784192798553
5196,-8.966177366790735,36.69889819962384
5197,-25.57261630696593,45.57122514889589
5198,-8.761002693877739,48.5217779261237
5199,-19.715199331577892,49.20036328450218
5200,-16.447296167673052,34.45264835718835
5201,-5.4975290022668135,35.43421373474016
5202,-27.154182966234984,60.52937362591869
5203,-19.53134107984485,51.98120581449921
5204,-14.342782111949044,42.002805828554976
5205,-17.834922279193833,50.2894584206591
5206,-34.07503323745143,59.83249230780762
5207,-24.18266159820999,43.444568548571254
5208,-32.06273192383221,63.10637377889264
5209,-23.889995729932608,44.1990185161156
5210,-20.012635092130438,52.50742688334589
5211,-18.116002907707582,59.59778068569239
5212,-25.030061661795806,45.35810498688707
5213,-13.414736135698792,37.731340557931226
5214,-27.230882799735404,66.24153524594836
5215,-8.914343620673097,48.91105900581681
5216,-14.05938251693367,39.18147148522868
5217,-27.218867172148187,60.623944117576755
5218,-34.12202283579884,63.689499449020964
5219,-6.046723544345278,44.51735441532559
5220,-29.02278109211449,62.254387124991325
5221,-19.757297619851,48.984211296618014
5222,-31.863191954802225,61.78980669778254
5223,-16.452919084231798,59.21636843659543
5224,-29.39141321571446,64.74616977976191
5225,-10.879835133209216,40.093016352425906
5226,-26.67883158813743,66.6661631459605
5227,-22.412684764032242,47.21987851126846
5228,-27.29660566970088,60.32918115684892
5229,-32.17385986921614,61.068140933903166
5230,-10.015623867144011,35.326805727550315
5231,-20.400221838628383,46.18734850036923
5232,-26.807826502415153,66.90784271176632
5233,-20.094588248828856,47.29478299141878
5234,-17.617697766712826,50.8669048701129
5235,-26.758059474952518,66.41376732170889
5236,-23.37368580863897,47.050319849259466
5237,-11.95771145565187,42.21411199917988
5238,-28.366965412507653,58.66421133936987
5239,-13.333159548902682,37.74131561590026
5240,-29.596016969838743,64.93761011527954
5241,-39.030135198372946,59.30471109092837
5242,-17.19018697615357,54.68073203968373
5243,-29.230917362243787,65.34350852401654
5244,-32.243947242700244,61.1778866324059
5245,-21.41103709444807,62.66200776500925
5246,-30.088228863935647,64.68646594321825
5247,-15.222817811098285,57.10430810872082
5248,-15.355398881381294,31.68366339579524
5249,-11.341373564675447,47.80548538840682
5250,-26.959431986354137,43.09143319046835
5251,-23.90873959584418,43.23683718859858
5252,-29.64815122310852,62.193797493820504
5253,-17.962105678394376,59.53884539397715
5254,-12.182314466214414,34.74696882774362
5255,-8.935890550818414,47.282312803715705
5256,-10.420910250411012,41.45832108368942
5257,-11.938775536524357,33.48993289648025
5258,-34.87814029463151,60.73471181658567
5259,-35.67840953208464,60.08565924653818
5260,-31.96151743525358,59.20126540951074
5261,-15.922903347531898,61.722807705704085
5262,-38.0786868842328,61.55620869961839
5263,-15.19008591684612,57.25117317558173
5264,-12.282459770341534,42.14060897508932
5265,-6.040659321913392,44.166842012974065
5266,-11.68604482496878,45.978943593012104
5267,-35.81108422049255,60.2483049829059
5268,-38.979670420088254,59.37178066830747
5269,-34.17353913498112,63.804941108072605
5270,-49.432559481651495,21.422449412257507
5271,-19.404944698030516,52.03372255925063
5272,-14.855037440314364,33.632724332739684
5273,-16.067489901453563,56.14642247014942
5274,-35.703846292485004,60.16545269849488
5275,-30.179231189187753,66.27982440210155
5276,-27.437995287448985,60.17788086605722
5277,-26.929757695310204,43.88289062669608
5278,-27.315549899371764,60.61704682267083
5279,-24.43815460420534,43.76579530674164
5280,-16.1386921132569,55.8802184492702
5281,-29.993649368972484,62.08973720901687
5282,-9.067576903617738,37.60214598396456
5283,-30.998530689964774,63.47555340145649
5284,-35.07735039815261,60.783874928388414
5285,-34.36111760627156,63.638552741547805
5286,-12.323315278090067,42.114176920761324
5287,-7.041712432644118,45.44156482032291
5288,-11.698262797194467,46.819268570648326
5289,-13.734751658146225,42.11555742457089
5290,-10.532500185804988,34.12432319481648
5291,-10.023785162105758,45.505695818635225
5292,-29.842668679086735,66.30476348289305
5293,-31.919264755298315,61.733112681260714
5294,-30.68668342013843,63.23506574386147
5295,-29.639201367465027,65.10899330095019
5296,-11.912636299234284,41.9201175252116
5297,-30.820816291575365,62.639666912244486
5298,-9.781386220606075,35.73664261587691
5299,-12.497913804316461,37.29387463908757
5300,-32.79075842266577,62.36721793399795
5301,-33.16295452845803,61.824633486288334
5302,-17.37772597054616,55.86182411331766
5303,-10.673575843783308,33.84884997622626
5304,-5.934435665477512,44.777593793599145
5305,-10.276459624477667,44.87179771024576
5306,-30.24012546491963,66.33226617289723
5307,-13.324398621577496,38.48469448962971
5308,-25.853461317612673,42.49203965822169
5309,-13.22448057618161,37.42761591405082
5310,-34.96234035902359,60.90723099598815
5311,-32.20290391565028,63.33857425676238
5312,-15.158526584261743,33.73248844210104
5313,-17.25655469925808,56.00906800319401
5314,-8.812466779144149,48.51591108883965
5315,-38.75506187724529,59.51434368832828
5316,-12.310011708587334,37.181398476833614
5317,-14.960814663587929,33.79621940601857
5318,-15.977431351167937,55.22511529453421
5319,-17.07674643414986,58.33594490527539
5320,-11.924424317318772,42.21844221009003
5321,-25.510478531921983,41.955099874557526
5322,-37.53443457680366,61.6461105509545
5323,-17.871515959992518,59.50290368773263
5324,-14.906676442336646,58.104067265169654
5325,-38.48629906195205,59.910439633581916
5326,-10.900596646048372,40.26049403040891
5327,-10.114539408672561,35.46459427405358
5328,-9.665061609984441,47.30118640158247
5329,-31.94088358609044,64.11352483921821
5330,-13.442567851190674,38.71825427782986
5331,-16.883914209458755,58.160484461853656
5332,-24.13291368733897,43.13553058151467
5333,-11.41262109058757,45.84533847893276
5334,-24.06032680616847,43.327783274486556
5335,-13.30011031195541,47.62008406319439
5336,-8.15501499616848,46.69510277406597
5337,-32.00147949238823,64.12505705212712
5338,-11.507895289855613,36.93836661301387
5339,-12.703590388550992,41.559653066379404
5340,-17.581552712227307,59.41725089505476
5341,-29.996313794166603,62.6803118447447
5342,-32.147275946183385,63.60380664918093
5343,-9.700852641975327,35.97615652335262
5344,-19.919362106513052,61.08177251015698
5345,-19.335266588389665,48.488746775396606
5346,-36.381279503872975,62.55899753737015
5347,-11.943350230749228,38.946670465008275
5348,-12.527429056847325,45.29779262013367
5349,-28.23326758930416,67.24963031568963
5350,-22.58733509884891,47.635144064100366
5351,-17.316706828332087,55.72418842781927
5352,-30.803653532382732,61.81794202510165
5353,-32.205991036413174,63.417017917231554
5354,-34.44967013653703,63.85549415599254
5355,-15.05748198298232,57.6594220206087
5356,-37.63416897458359,61.78270287394996
5357,-10.664637555419054,35.10239824106872
5358,-10.161964545149045,42.2173306059842
5359,-11.73262330525052,41.64552729031283
5360,-11.499368995742438,45.90406893296467
5361,-35.998843934404995,60.691837131756834
5362,-9.3260310170244,36.15446847295623
5363,-31.97050214018484,64.70582324156001
5364,-16.143499264426655,56.937839288736306
5365,-31.811372758553354,65.26854495553232
5366,-22.8495007936261,45.75879899183045
5367,-12.708204342088827,40.55528027590103
5368,-42.96999097766568,57.15357705544748
5369,-35.385834238875134,61.20229098842057
5370,-23.354457224706493,44.613592919399466
5371,-36.39878990163766,62.535601205762944
5372,-12.187932343147516,36.57857246822452
5373,-38.00564536217437,62.257116736613604
5374,-23.430988896919317,45.26283622933574
5375,-10.681487320987575,34.35781812831253
5376,-31.99936705897652,64.71269201671193
5377,-17.54838583239857,55.28087449836678
5378,-30.615457856999114,66.70753615579487
5379,-11.745410335115228,36.619421169621276
5380,-9.050144772325613,37.737139310716174
5381,-13.085631029524011,43.54710281810639
5382,-31.75461961220333,65.61924250038442
5383,-36.47729301641699,62.61828475443395
5384,-22.900222038593835,45.44705137617525
5385,-30.626188381942576,66.66956926148296
5386,-14.960640841580908,57.08884847719888
5387,-32.07003805327114,66.09924150390512
5388,-11.331797026771234,41.259678834702456
5389,-34.503057980965366,62.420793761513025
5390,-32.090696136648916,66.3002339981304
5391,-34.728334576612994,61.761292625876735
5392,-34.36717994003876,61.784688555661916
5393,-16.002931132036515,55.320526307537065
5394,-15.19395738156165,58.37568079609025
5395,-16.263275114000006,56.35220560263408
5396,-9.901618807635575,44.41976338484941
5397,-12.9049310230752,40.54873160670789
5398,-30.957453885496694,61.39808882044666
5399,-35.48000706775318,63.47176705024636
5400,-14.568765076915692,58.786834196308895
5401,-32.129565075085324,66.35882723592795
5402,-13.252268285738248,47.131399138900356
5403,-13.96767651975348,56.06454021057736
5404,-31.6049744733016,65.76949242086175
5405,-31.54193754069554,66.04509806806607
5406,-32.567580607386304,65.07804758683093
5407,-11.145547079154221,41.05099391831301
5408,-13.519879933102093,43.30124010426483
5409,-35.70548419049317,63.31445411683955
5410,-11.784472308267873,41.06397451217554
5411,-36.52682497732153,62.758616517621626
5412,-14.623828184799208,34.74223945512456
5413,-37.077632692297065,60.61766740134504
5414,-17.530797017661907,51.2826428851449
5415,-12.64489974178068,38.423786607671
5416,-37.13130422051275,60.669140485816676
5417,-10.600843460092001,34.14373779017327
5418,-36.19863754398555,62.923490191698896
5419,-9.380209826496419,44.84854520295689
5420,-13.215224465589698,39.181167161641675
5421,-13.037089112725145,45.73014204443821
5422,-5.754054624295011,45.3891332554911
5423,-12.639196026742518,38.29075701744463
5424,-13.986250383276777,56.03299410665818
5425,-37.11003058762874,60.55708458255495
5426,-34.77804552184495,63.51003235479229
5427,-17.48282627855252,57.56489454537223
5428,-12.587083917843614,40.67134377670205
5429,-38.68916050548653,64.40241775265497
5430,-22.718088587777952,45.82729941652763
5431,-14.593312024656825,58.90296657117012
5432,-9.852288924846723,46.53615495648029
5433,-13.105863594019128,43.73842269618176
5434,-35.797110932166575,63.30056045108935
5435,-32.4533329171609,66.08236964596684
5436,-11.330179014632888,40.621889514419564
5437,-15.325985264072521,35.90962734939575
5438,-13.27097431015988,47.18198151944502
5439,-35.94505376050716,64.95102419457682
5440,-38.73406606996943,64.4569247165214
5441,-32.81994239569552,66.17408377732754
5442,-17.674609418145874,57.409510609711
5443,-37.05500184759413,62.5269026573613
5444,-12.743033693366296,46.950102351404965
5445,-13.031319871542667,46.98564731773639
5446,-36.419886136059446,61.42151173644587
5447,-33.00502623768529,65.9535145253839
5448,-18.408750637922548,56.473519829617764
5449,-10.546120439570625,41.76787983115147
5450,-12.079412600496324,39.98398049470929
5451,-13.725204551081205,35.60290272063184
5452,-66.19447686351218,34.633974137871775
5453,-13.663157613014505,35.6006510688065
5454,-33.71029290442123,65.84693616491587
5455,-9.11619408686282,44.84902514193616
5456,-13.330062408785228,47.19496910225638
5457,-12.266856696938083,44.68346913723796
5458,-22.634556740868977,45.62152571357041
5459,-32.26689284926604,67.43280495473978
5460,-18.402213303200366,56.64440967189102
5461,-13.358594842629929,43.88264472153367
5462,-33.07884898526946,66.02274108949564
5463,-11.42964864021661,40.92250207143195
5464,-33.03663347297365,66.1987092690352
5465,-33.68555894654021,65.86819046376608
5466,-12.59568245991691,44.44592943034805
5467,-18.511810294953452,56.563047379513016
5468,-18.40993334254154,56.73239379865889
5469,-18.510759763081882,56.44846803605265
5470,-37.04746850150945,65.37172416117632
5471,-18.95232901610237,56.1373469006518
5472,-14.568546856860142,58.86902109516134
5473,-12.143879358659488,39.933230391230836
5474,-33.59052780268455,66.0510479648173
5475,-13.429934445404346,43.31710520586544
5476,-12.175356257360656,40.339078225518435
5477,-18.311927466243034,57.28732751926881
5478,-33.687615668890146,66.98407062782503
5479,-36.42642151967318,65.73891847992361
5480,-13.215152893408536,46.835330123907966
5481,-18.444911317814814,56.81594379676534
5482,-36.454457941014454,65.80475718980605
5483,-13.741988093818515,35.88469500114982
5484,-8.102072697120628,46.57585387502476
5485,-13.727685225832703,35.86752530803191
5486,-13.439918561867358,46.710839943212584
5487,-13.516867925896335,44.59533169702592
5488,-32.95784900016876,67.20190480511201
5489,-33.9762564028783,67.02330457110743
5490,-33.81526994818332,66.61504632800953
5491,-36.3878669825683,65.87651724750728
5492,-33.73546625416422,67.12281251381866
5493,-13.469017462199329,46.467044771425265
5494,-34.41629735324103,66.99574755551753
5495,-15.478410489468205,36.48486157859733
5496,-13.922305097639795,36.24590967706702
5497,-13.504803691436924,44.571775709291934
5498,-13.939727074919153,36.2631770347906
5499,-35.9638525510335,66.38845241841831
5500,-18.66248848872883,57.74932677458164
5501,28.62617970658938,22.676674066602448
5502,15.840073347250689,22.092583871514798
5503,-31.1086410244344,-6.959395790091479
5504,-30.19088240216494,-8.907696488545696
5505,-30.190873755799892,-8.90768857590752
5506,-22.577352729978784,-17.258545187244923
5507,18.697544819645955,27.52465772877548
5508,-30.335698521017626,-9.039567877160454
5509,-30.336159663692523,-9.039562889921797
5510,-24.73536869275196,-13.979352467189967
5511,-20.84558033015072,-13.16421385997429
5512,32.771264767983425,22.531521323066762
5513,19.855156669279996,27.273461741658494
5514,14.803103307935059,22.61656291308535
5515,16.401684050798814,24.70711517926896
5516,21.020313900482115,14.15325625565106
5517,28.56609097976139,22.61657753738634
5518,13.520048271770541,13.11850034654005
5519,-31.42357099684784,-9.630111812781477
5520,19.667252312869557,27.463250352870435
5521,6.998830859318017,75.10988261639812
5522,19.41190320643398,27.643794199728408
5523,15.953689705234302,1.5523578452647313
5524,18.507292509356525,27.59584783267905
5525,14.797627346289977,23.027794835176557
5526,18.9528939793757,27.63488475085944
5527,20.732085082988846,26.20813508021815
5528,29.891590808368594,23.047036167001835
5529,-27.200503339391055,-25.01995098183353
5530,19.724014155610174,27.58088757080338
5531,18.521756353081994,27.633411927405913
5532,24.36874975693735,26.086971786109427
5533,23.494199878063142,26.439657915679287
5534,-31.39436407473142,-6.499438897956101
5535,33.31934075036299,22.601290151493664
5536,24.802560177616755,25.840893404172217
5537,16.28007867642278,25.223066927578518
5538,7.338525024184435,47.774986329084264
5539,-20.237852931693432,-8.457074175006825
5540,-9.503118442527514,19.342356085001196
5541,7.040089758117558,74.91883370431387
5542,33.02820706770582,22.671630096968862
5543,21.31279360593743,26.984592987788233
5544,36.124972887421045,21.1591934061603
5545,-31.753230097659827,-9.320435124796607
5546,4.916251604730847,73.77866269908186
5547,4.501204977941746,74.1409667039972
5548,4.501212498678478,74.14103076982836
5549,4.598474611432114,74.07255375379594
5550,24.99933686762768,25.783101327610712
5551,31.891252037237347,22.560645886650384
5552,-31.515512360624307,-6.511333874772356
5553,31.665619703170293,24.624143006639855
5554,31.665630105764325,24.624147766649497
5555,29.95309160865936,23.145887323752618
5556,10.381993487816132,13.09945615289458
5557,32.01963776528503,25.082597234792377
5558,21.52164503504228,27.056094664473523
5559,19.15866569924866,28.0150701417421
5560,19.410509416187665,27.917293291433932
5561,15.042281686868364,25.342922578871526
5562,31.53711370512601,22.93121280468196
5563,33.00128522441217,24.21952735530309
5564,-32.06455079897867,-6.989054868381366
5565,30.215376141564263,24.708014597620007
5566,13.04619369903727,20.330430804970888
5567,20.768846657842634,28.79392738309608
5568,17.313275304990384,74.89897111370223
5569,35.34952221747836,22.40983107240243
5570,14.4230506637473,27.566920220697227
5571,36.093057491665725,22.568458598825256
5572,5.0719725527694,73.64119806115414
5573,-30.79963198594983,-4.795751753430847
5574,32.181046920542016,24.30070948664944
5575,28.984364709703605,23.879458114891815
5576,6.76086210853471,63.989687528186785
5577,21.26861781743547,27.077106327429924
5578,7.294889631531148,73.74195314194681
5579,11.853507395141825,37.05784972100814
5580,8.17406734073462,73.66860516941458
5581,7.565594575118639,47.16451651010466
5582,23.776154096939347,27.0750612631818
5583,21.30143692948047,27.228264190532222
5584,32.3581877281143,23.138501656956876
5585,32.085490323072555,23.376012732263376
5586,34.79119589035009,54.69469460620756
5587,25.045675796520335,25.7914150601397
5588,24.171255550501847,26.94833504130736
5589,36.09317612878104,22.672601750529612
5590,31.21108691867586,23.67369681667606
5591,35.69805528530897,55.15980621017455
5592,32.20603439866992,23.33707141030533
5593,31.81163435186882,23.83192680760669
5594,33.820210440043965,23.08216042318824
5595,30.34110612881808,23.870503658748472
5596,4.615262612450952,73.26467422660593
5597,35.066177955543495,55.01453462160068
5598,5.6147412042441385,59.76421241437119
5599,5.614743078821422,59.76411738966979
5600,34.1967561474913,22.8194677631533
5601,35.14102952417552,22.684775799597627
5602,25.12379770453623,25.81873454838171
5603,17.338453739469784,74.81340944174929
5604,-11.803731844214852,22.5676100446602
5605,-34.181659794651026,-4.848591668235462
5606,-11.926332033712244,22.695798493531253
5607,2.6480562675671626,47.38007886485903
5608,31.35598343382582,23.858469833440015
5609,35.27367079093133,22.581275564273785
5610,28.818899770915625,24.531057383263526
5611,8.134851618672155,73.72004692400736
5612,21.019634526904785,28.855784259175152
5613,23.740935791077955,27.210426621516262
5614,28.99239904655601,24.69520901207489
5615,23.707609136980004,27.151236845866922
5616,-38.830783314719476,-47.839647884047174
5617,29.979371695923856,24.94171043520157
5618,13.277362230891635,26.844209367065172
5619,29.6559431303308,25.075361379018283
5620,20.912010294452493,29.022471707787254
5621,23.396634742322163,27.232801904443008
5622,36.68920180414205,54.063371436467435
5623,36.68919720596236,54.063348105351885
5624,32.47168441201745,23.4773410618117
5625,36.14297686297802,22.142494771656985
5626,8.957943197007113,21.45637171731353
5627,11.207955548994013,25.190265034203158
5628,38.76200656825481,52.03111531596496
5629,32.18987861762995,25.38737043582752
5630,8.769262227101828,73.4255833241413
5631,8.769265245622515,73.42558401665521
5632,4.97938171883121,73.38151719355697
5633,18.82469130882732,29.01830065361071
5634,34.90251891932407,54.934098822992624
5635,9.888905873958397,73.76975611867414
5636,5.624763974761741,59.97193255176096
5637,20.62585544006445,29.08460521896127
5638,39.13732419361393,22.20293507981767
5639,39.13732336996446,22.20292887490166
5640,22.8636034303863,27.92605634696585
5641,14.017211368038291,27.76428594966661
5642,19.47271292289375,28.90168588780346
5643,4.993687087647105,73.00436502445282
5644,1.7099919594692257,13.594266829581022
5645,9.099365885859893,72.82891356332544
5646,-35.51435288078093,-6.219515071390924
5647,18.779704385147877,73.87838881535633
5648,7.9494217804847995,72.58645629700052
5649,36.12224604703561,22.875934172662863
5650,1.772113012471762,12.12552108393868
5651,4.215243182012384,72.57283104982469
5652,34.6170810947893,23.537536385885936
5653,33.169092103095885,58.0373118047853
5654,45.5250214406605,44.798784144627554
5655,35.17618773025247,55.21438337783362
5656,19.025820433755555,28.963991906979818
5657,28.80930597408725,61.806985182856565
5658,21.39770927410698,29.80480979042467
5659,21.397699305553786,29.804808610881505
5660,32.90416143954826,23.614827387963825
5661,8.44002755598572,73.46206049761814
5662,12.330749782795879,36.94645658182879
5663,5.986528809139191,72.22094454723259
5664,-35.06515342942593,-5.814862088662848
5665,41.366995654914284,47.42366658759918
5666,34.79511067343885,23.649563029684806
5667,34.72792290529349,23.556807639288735
5668,21.42011732553513,28.938541500928963
5669,32.83299802305843,23.56163330413445
5670,46.33059674716402,23.766791252297374
5671,7.4619400576220425,72.52500321348612
5672,9.1011016851104,46.49124817209979
5673,30.42900716587095,26.125443683801787
5674,4.976248008306849,72.8927434473827
5675,6.1235866800098515,72.28202102257168
5676,35.516081940861916,55.20412602277336
5677,30.287437092784394,26.078539534730147
5678,34.69917891903554,54.763172075253884
5679,34.699176505610666,54.76320276484519
5680,17.415352358491447,74.42569781469335
5681,8.907684920241087,73.20023613828155
5682,8.398224256917423,72.96613897255726
5683,8.396559631876675,72.96768648190397
5684,37.13056776946458,53.54598134108647
5685,27.406380388404195,28.582624507097563
5686,-34.15250298469841,-37.00097692604605
5687,29.057926375118235,61.215153417257746
5688,36.62467810892646,54.50948950149536
5689,37.17808788677614,25.467884993757743
5690,24.032280459868403,45.581110499519816
5691,35.109647453038626,55.24033328272515
5692,8.835342432063928,35.22832839213302
5693,29.73970799169097,25.28516874257898
5694,7.992080763633488,36.03395634583759
5695,6.909630786490396,72.7486233959812
5696,21.392503499734964,29.115625027059313
5697,3.863426557010927,59.556459068261894
5698,31.638164392548468,26.385123024377176
5699,3.8366709628828626,60.62189111599712
5700,8.285522701547297,72.86928822638913
5701,12.592969885201544,74.93637767807887
5702,29.792356365644917,25.99025226885986
5703,40.32279538546618,23.667850277969208
5704,40.282084849269665,23.693493507840035
5705,12.407082934008901,32.8186675382941
5706,19.08931444128139,73.62545413014126
5707,11.129388387332533,74.0035938316675
5708,28.51812418391562,28.04225879180096
5709,36.44298987720225,23.034417177431088
5710,33.72126135808958,25.05252950982552
5711,29.057729713170794,61.259725038048295
5712,23.016301209352353,45.24867901428561
5713,4.746305531404743,58.90887930672766
5714,41.51725593487171,47.244288096896085
5715,41.51727928858767,47.244305300750604
5716,-30.40705776277901,3.4112632902956657
5717,16.719059062264144,74.35779177389662
5718,37.247563258344606,23.126670293858833
5719,32.14526267774669,59.14646623764163
5720,22.517827518124538,28.45209209974583
5721,22.517581172918785,28.45209734861585
5722,35.42692579361864,23.87296440346418
5723,-34.585606637167196,-4.399946389340198
5724,7.66923767606593,46.908160635621
5725,10.007324081473818,73.76180361817123
5726,45.53295592309507,44.79504599286521
5727,12.383483260129774,32.78814711248436
5728,24.119724780332724,45.01420371045966
5729,33.343411812074244,56.989227834662216
5730,38.70824233231929,51.913850383661746
5731,12.424466394220715,26.693856283435835
5732,20.068739808657888,73.46409508564167
5733,32.41895540400479,25.457428445911688
5734,31.749529179723954,26.529785533951966
5735,22.50547015402451,31.779000683983092
5736,38.07286164506116,52.56500765116024
5737,27.58905684660805,28.939450785973865
5738,21.51490697474568,55.44506795116954
5739,5.603156152250677,48.99597029676653
5740,28.836361742093946,61.63236202033967
5741,29.830247523973213,26.19559297979887
5742,28.636675283321303,28.332148909269048
5743,4.058491623063681,71.95525229466406
5744,42.52418282407756,48.163507318174126
5745,38.495383978719545,23.963826649406137
5746,30.941877471175037,25.748082772793225
5747,5.626439631830521,62.2596032931548
5748,11.655383003115821,74.15087632874435
5749,28.725730106212392,28.079170593305747
5750,33.896933643194586,56.61303026365211
5751,40.252355252787396,47.53071727907553
5752,33.19097490582469,25.504418005492294
5753,7.788301297842276,64.17082401996544
5754,4.872451335001613,62.101948054557404
5755,28.037722184316262,25.772143805923612
5756,28.03779988818015,25.772286944451075
5757,4.1155373322695015,45.11986045124011
5758,33.07165317705957,58.14523287446107
5759,34.06889084457384,56.541962355801516
5760,33.523377740923955,56.81779211379817
5761,7.677984757796236,64.11630073846689
5762,5.632009652692295,60.37582123280674
5763,12.371057920423569,33.316653039360304
5764,10.215982070945737,73.6011875845386
5765,22.628964296413688,44.92429218834866
5766,39.60801775634253,25.064439998193038
5767,31.67172567142084,26.5455067766118
5768,40.95190190063095,45.802332222195865
5769,6.443877319056848,64.57068706338751
5770,5.320348863329095,62.873106851987075
5771,16.759335481063946,49.80600775138265
5772,29.251915074722714,28.976119700575097
5773,5.406928789467705,62.15260913095024
5774,-34.493825153465174,1.2705337814467534
5775,12.363482182935892,74.37722490372222
5776,6.560110485516067,58.53384821817115
5777,12.284361967639205,74.27531200639656
5778,24.015717936011885,45.54601072662191
5779,21.448650588020246,30.25001457105887
5780,17.843255858118486,74.13901423438868
5781,6.379070039169286,58.61693209519786
5782,10.999944549322858,73.73699563261059
5783,7.694349585771325,64.0562094796569
5784,5.098715149646477,62.363548122467655
5785,30.041386348920128,59.83063059896492
5786,4.57195991434319,61.609924745126456
5787,13.024854674331882,74.88734138011084
5788,31.717268418269622,26.891838330852067
5789,27.572712669868757,29.06715028511201
5790,9.449005617046367,71.38374450150523
5791,11.272894871456684,73.90233072128932
5792,22.51799241340034,31.75004765756788
5793,4.306991691737476,71.87567507027246
5794,14.5830467086639,28.666915676302455
5795,27.053597877461012,48.57881363560604
5796,12.071027291062983,74.35072000077285
5797,18.80991111752079,73.68291544365563
5798,17.343789723331863,50.035650275571285
5799,28.587565629542276,61.03797635684485
5800,21.42550123027489,55.301989983596954
5801,3.979449969232132,71.43207723994367
5802,24.260259211647693,45.74286772222165
5803,28.858662650450672,64.94338899684921
5804,40.533802357410146,45.3374662843906
5805,40.50321302669881,48.21935254210099
5806,5.51554501700408,62.2612804699633
5807,13.142693699845687,74.74257320840863
5808,13.14274743777396,74.74268992250732
5809,18.615674621358,73.87624307451196
5810,20.704647707778793,32.883263327344665
5811,6.521353338246697,58.537974259357256
5812,7.7240332479293405,70.78415344627906
5813,7.724056473269097,70.78433774829746
5814,38.51331512875673,24.319295278069088
5815,11.66747497026032,40.878472925598864
5816,40.593596079340195,48.16886498258841
5817,7.838459980142302,71.15949691526882
5818,28.687291035281174,61.943517994285344
5819,7.309415657111213,34.74953831767941
5820,24.30880867419481,46.62059535540692
5821,24.30881082068026,46.62060615684494
5822,4.711737019812961,61.80348242288628
5823,8.044126064116915,33.001926619682685
5824,12.398235255996017,36.81823283199717
5825,39.92546219544415,48.83490016333542
5826,10.218268735849113,72.07941114489611
5827,12.173485888720021,74.31408228368356
5828,16.057627429788333,74.02402958869932
5829,23.05211744973189,45.147014099374076
5830,36.243349960771155,26.977968003053586
5831,20.664388485376925,73.42441135983502
5832,43.630489680640025,22.892292227282418
5833,6.192548362275855,71.29534850934981
5834,34.10632531202363,54.41972608422575
5835,27.864816204858727,61.12376189725487
5836,40.01859585284019,25.02141601592988
5837,38.74530236488138,24.12385842839653
5838,38.745308035580074,24.123814293834556
5839,10.452003008663096,37.82181054210489
5840,7.506821713417259,71.5487089665393
5841,23.085498815202936,45.52596779960383
5842,23.087147761239645,45.525687959281434
5843,32.18667364891621,57.46994121834062
5844,7.624555120707732,46.83703721125044
5845,27.70102679996916,29.18218263585024
5846,28.81229110480897,65.07611493901743
5847,42.08040147355584,22.382039847732987
5848,37.45750940330615,26.190857433395724
5849,30.807042522245286,28.63497615553188
5850,45.527000450560266,44.81107768306977
5851,12.873615235881367,74.69640527183499
5852,30.034605979185827,58.7969723385579
5853,18.08781973058105,73.90954190577081
5854,20.199209233760143,42.38052118245033
5855,39.654740662475504,26.174070742466917
5856,-32.04126102524441,2.6979225750455136
5857,-36.7464277744636,-2.2649120041975963
5858,6.723961479339456,69.69065051465023
5859,21.432206973988094,55.27596529667982
5860,37.61379658157578,27.80201677557193
5861,41.88654590352175,47.79129754998793
5862,32.68940254487059,27.754888920469305
5863,20.483503753268295,43.99433302200577
5864,40.835264510625386,45.858284378431115
5865,42.42428393130003,25.408648629917145
5866,37.40256573532462,26.692666906694562
5867,38.097584765348095,26.202625075461764
5868,18.83067383031215,71.39978215643589
5869,6.228698806786999,71.25696937364711
5870,2.2263151827802976,46.84677061827823
5871,4.22629600896514,45.37826604807171
5872,5.282129069807679,63.63371415129346
5873,20.96005793170447,43.99160926937736
5874,41.693756162260115,48.603131310044
5875,33.706706573136216,25.2633200932766
5876,-34.677345445088136,1.4456362719969984
5877,26.935474711971505,29.259861791736093
5878,29.16000845153928,29.288045365839
5879,8.242883486345496,71.05817861782778
5880,24.66843711331285,45.085604341063956
5881,7.873063939405024,66.68976630145941
5882,7.8490610999618875,66.71082978546691
5883,8.080630010133628,66.95563708594402
5884,37.869522136495284,26.544656517168672
5885,3.876618756608042,71.44985537611629
5886,18.380022432772304,73.30501390823213
5887,21.23330132611553,33.84324850321349
5888,20.680698951834927,73.41431278828074
5889,13.024977626555856,73.83622562404474
5890,17.15080949688955,72.45311475201035
5891,28.757661076809068,29.325414926516252
5892,6.458493252421353,70.05035654880652
5893,4.404311374411414,61.4274133059712
5894,37.66836224196913,26.696235476649765
5895,37.756525310147374,52.28219369905072
5896,22.38111200115675,32.31868860138068
5897,21.86514448317765,33.42002438300112
5898,37.738703990225076,52.40812529521238
5899,20.833559818346778,43.8978497098188
5900,3.791355929166978,59.46356271015463
5901,4.503114327156296,40.80958157846033
5902,32.150152268201005,57.38497051410252
5903,9.916039439606832,71.6690124457066
5904,38.0417749838802,26.644665188993788
5905,21.11691438880459,55.1160185433806
5906,39.637357432091946,46.44226474326453
5907,16.799150505818545,49.87721875041803
5908,27.755070160127495,29.386241101619046
5909,18.484993880264405,71.42599980770456
5910,20.889072394355853,43.94555712235756
5911,6.844341765907219,70.49318105162682
5912,38.03914952776975,25.82484796552713
5913,32.25610912605605,57.482846335385894
5914,7.840440691472326,46.88824960043493
5915,9.138873513902999,37.267108445164155
5916,13.040793401720688,73.73758538275453
5917,26.94589467033539,44.835912121385476
5918,32.03221392207366,56.91593100245784
5919,31.907256390056126,28.805069329624413
5920,11.04086125644501,35.04676436036701
5921,39.007030239554005,50.861459085670596
5922,21.944255050791874,33.39105016674319
5923,17.908066866521352,71.72386503350086
5924,13.270308684899664,74.91516012306163
5925,-35.92713023542672,-2.635492722538299
5926,37.812855799378205,26.61959486115803
5927,9.705153903234539,71.32566839846217
5928,21.70439320539155,33.497872925331336
5929,-33.77566284938117,5.949941818115125
5930,1.097627113813046,44.068248533814625
5931,40.38258403825861,45.34219645635699
5932,28.779015748133215,30.443822361128703
5933,48.21329686948189,25.945622128567972
5934,37.61973784050096,27.482086244237255
5935,8.200852499926013,64.31651173897798
5936,30.310842356663194,29.062049924934087
5937,6.336403721345418,71.24566232849976
5938,20.113058089663447,42.43510366496061
5939,20.1130969916541,42.43568819653041
5940,9.328801031905646,46.17153658266502
5941,8.18637766172038,67.20316910014262
5942,36.36973287948772,27.58146980066874
5943,6.615564869843197,66.31519312418386
5944,19.169232286738858,50.641947095151394
5945,25.207288038913717,45.75911877180623
5946,8.197242757569603,28.735495073126593
5947,39.39948813276711,26.298796394035364
5948,32.02805842150924,56.7816388872125
5949,46.84793229264338,24.052486388626853
5950,30.514363879614763,30.744811000688156
5951,44.14817723339318,39.15221040465474
5952,39.98007366739987,25.233425365021763
5953,26.93561774381151,44.869458837115
5954,40.44631832789921,25.217369665078053
5955,29.001167635320638,29.851138291115472
5956,4.808206269574394,62.575587153489316
5957,18.974442710577303,73.76141128184938
5958,42.757415417248154,22.815679097843695
5959,42.75742776739167,22.815675081568433
5960,17.77790930569454,50.937761922822645
5961,3.055898165518976,60.307241221019254
5962,43.65295592737305,25.86740867414912
5963,28.46145465338754,30.988651348119856
5964,20.422487841037878,73.2492512789164
5965,23.134102750380073,43.62167039114097
5966,-36.88088604100575,-2.185094942777074
5967,9.405476888828478,70.8309003526178
5968,21.79503819659764,33.52780845884685
5969,30.346584075715462,57.20607207381189
5970,39.52613014093994,26.321276612168397
5971,33.27975333267307,25.717222139841255
5972,29.734323440366605,29.294739709610617
5973,18.237478639005715,71.80190993004982
5974,8.990964657267979,64.34448652854262
5975,16.677399261090546,73.23350515061938
5976,29.62703142550146,30.55879335899409
5977,30.00304086009901,30.50921828285193
5978,6.621023809700245,69.5909026702151
5979,36.06276312081872,28.228425283075914
5980,19.083196860845945,50.72679906299354
5981,43.98472715871109,26.579676239139115
5982,40.148488589308506,25.220114878454
5983,37.22890575466642,28.088194933049646
5984,31.01354767505617,28.995729557688104
5985,13.658946568818513,74.81997707891149
5986,27.70428041463234,46.187044328313384
5987,24.666355039815056,49.30381920631456
5988,3.4580798318493216,48.14400623227565
5989,13.17983867543553,73.8545065166703
5990,28.41009384762446,30.920197918201406
5991,17.03631247385855,71.99084844902336
5992,7.8060396147414455,66.73276268727446
5993,7.756131840806407,66.64653610916423
5994,39.61697090533994,26.42441991792168
5995,9.637720537539295,42.65953806482285
5996,42.78746679791126,25.38668116395983
5997,30.071628765444935,29.192051553678812
5998,28.241276324199585,60.72845944157834
5999,38.99143001373676,24.270413162789257
6000,28.333191339478578,30.87317664135959
6001,40.13988525292595,25.208417215137906
6002,27.87089380343154,46.1598257030131
6003,39.50218630230783,46.95362785629841
6004,7.831909227779509,66.6607157766267
6005,26.822503504794497,60.529997813334646
6006,39.53048278923975,26.452299695835507
6007,29.606490803687446,30.46826355583366
6008,39.20412050406677,49.699437194423346
6009,28.031061828163196,46.06387062877475
6010,20.954815888304832,43.90984987357284
6011,3.6756496428988115,71.08648314593061
6012,29.303643406473658,58.48559004165146
6013,8.595591938770994,70.81067544557364
6014,13.624053509134907,74.67521006482153
6015,34.071689789141544,28.94350758505336
6016,42.555956083525174,25.540846884340237
6017,30.081853065246772,57.38020197500638
6018,22.895445369060536,33.614547192837
6019,38.07661606537984,26.73769743634969
6020,40.867236243813,26.305001646352384
6021,37.08328505662383,27.724551269459113
6022,8.016632361766202,70.17066384834398
6023,18.165962356202186,72.02926529992098
6024,28.421871560275164,31.4164673780539
6025,-36.97159636468419,-2.1226841720142007
6026,31.501524530744984,29.213357969472163
6027,18.141816605146456,50.56911698428585
6028,28.074631444304416,45.2897750048265
6029,5.684919680072635,70.75364096685172
6030,3.8130863079713806,71.04860970888053
6031,42.54423808684435,25.612833827767236
6032,39.54349572844251,46.9460019287771
6033,19.041312569661002,53.42139803736579
6034,17.9866505955309,50.79016223628606
6035,7.557320927981165,30.686335741631954
6036,29.858440099410117,29.353743216396765
6037,38.17032696591557,28.040952904127323
6038,44.19651795620205,23.323433226000397
6039,4.0161031779449505,70.62173254837452
6040,1.739080644997975,43.49727137491724
6041,20.993230079610353,33.755915347752165
6042,39.117471692609676,48.23256563273228
6043,39.2822682769124,49.43366181166631
6044,29.235470509894384,45.69628421803723
6045,13.402301529421967,73.61262934647866
6046,13.404098596671655,73.61305351630783
6047,18.64858459056015,53.20213320776459
6048,20.63415443158594,54.4136508888641
6049,25.857270209744733,47.80626988689857
6050,19.30420949257707,69.69633655636648
6051,41.589141788694114,26.180361689617573
6052,20.764589462413188,73.36106316520706
6053,39.30874534601614,46.20606609351666
6054,28.173571225142346,60.02961373454617
6055,18.951810055843687,70.5238091030645
6056,38.88900652323528,44.933710800785384
6057,1.8321241219327147,44.09291506979094
6058,13.876297876578908,73.39891467037313
6059,39.807954130594716,28.73013933016442
6060,30.400237773683404,30.80617517741564
6061,9.75806946465618,68.53580235543637
6062,30.82683632565298,30.76230277728567
6063,30.775359227654608,56.74970266959373
6064,43.371379814239546,23.144833248159
6065,33.449372401152374,30.199488499653082
6066,42.19893655810405,25.928443753261433
6067,37.17188059988824,27.85883378724487
6068,41.98856989159439,22.16775401437915
6069,42.07284518916788,26.211152760477
6070,48.20048811849492,26.308055474819337
6071,42.01525816226816,48.719505746733375
6072,18.159420788386836,71.5102235954299
6073,36.72171215140916,28.329434304468172
6074,8.417330839024824,63.47144495701852
6075,4.05046312248402,70.35041426400917
6076,28.510628271891196,45.4704914750803
6077,5.675739869411347,48.50329622815615
6078,4.358165183597388,64.18583501345428
6079,15.21649396550118,71.74473466516055
6080,19.89915301937988,54.02085336055553
6081,19.898775289651056,54.02085871972734
6082,7.0946468203627004,34.74886303596063
6083,39.11578668208194,45.24953184857909
6084,8.7926620902771,64.2572159572734
6085,29.801888567153117,58.10582157326774
6086,8.480224717712208,45.26470772400999
6087,29.412226543988346,30.822896899082625
6088,37.07183931994778,27.97677790955108
6089,20.97527999900534,51.86819861279478
6090,29.04535927001469,31.005593313620512
6091,24.681078898764547,49.58849918876389
6092,20.756261135296384,55.16103995312372
6093,28.524664650642965,45.59368396571066
6094,27.78263447211587,45.26494439807368
6095,41.87733170454015,26.22683276806079
6096,43.25192018508198,25.183607728228797
6097,7.904745808811581,70.03079337674342
6098,19.11671021641693,53.38507209348484
6099,11.274293253018076,34.973605276931714
6100,45.447676942360076,44.72514108781813
6101,20.266078181122758,43.57613552339593
6102,2.0091700420052288,47.733254773587305
6103,22.251756398018273,42.16862983705786
6104,17.902633309028484,50.89800234128055
6105,24.987504857555574,46.092026667748705
6106,12.824403558070047,34.61543395825572
6107,33.90912841671171,31.004269737836097
6108,46.900866145248756,24.213296087832248
6109,6.6378432743654745,68.92696914278973
6110,37.654532208240646,28.354046615814816
6111,38.926069273006156,49.424236760812626
6112,18.773192639708178,70.6063794785565
6113,10.568593322938092,69.57231236676316
6114,1.7006676107215661,44.180078493626446
6115,46.990763700763736,23.97046727924527
6116,10.394879949502052,69.54363109854224
6117,2.680638584619813,60.37380007513799
6118,28.815329730476613,65.1343066211395
6119,41.63667983295347,27.92650407123867
6120,20.05882310411096,43.8452519856263
6121,35.21708291124518,29.187023270510906
6122,24.546615215020946,49.81866788915195
6123,30.832040055294662,31.04687734000753
6124,31.058347575366017,55.82036236022582
6125,28.751943843243428,58.89949814683317
6126,29.37283731413745,31.02315469415342
6127,27.117537437973432,32.782800274611596
6128,-42.32270281937161,-3.0475358228449734
6129,43.67437563204471,24.55308288548236
6130,36.78469977714565,28.527634538595294
6131,30.08850510652586,57.51434928461295
6132,26.152548931424924,45.12709611255374
6133,34.9848144481015,29.096810520139922
6134,29.632689164567605,57.29864482548555
6135,16.998296210578072,71.51969394050522
6136,31.212372096579156,55.77337536939963
6137,37.85985931906915,28.30434508318881
6138,16.12147650344396,52.02336864143959
6139,16.32742476906072,73.08624940185308
6140,16.33142504722766,73.08653074815768
6141,34.0461196969625,29.15330826772321
6142,19.917585657959965,50.09835452423386
6143,46.22792783891847,24.224536726817163
6144,11.674151250432349,70.01308710633684
6145,22.485345374268334,54.37960476949968
6146,10.719191005620946,69.88363763096393
6147,6.391512844855756,67.55863185088612
6148,6.419503857672782,66.12817148514809
6149,21.878325304062432,52.392592260347946
6150,43.845145576729195,26.56800542998777
6151,43.18515058936733,22.52601620523364
6152,42.886253104368066,26.83700420802947
6153,21.19331127936088,39.59182278218985
6154,38.18656629823806,27.70563676882786
6155,9.610385921857691,42.96681894404556
6156,2.7423435030059706,59.55105116228297
6157,39.83465920567622,28.85079098713356
6158,25.716643110101803,44.96824150538476
6159,20.88581618441237,33.81370146160911
6160,2.608169086655535,60.40084338438321
6161,6.900862848039366,57.865518168563455
6162,6.8764534406626225,68.76818032513523
6163,28.13829852945443,59.948897807999046
6164,30.974111735956317,31.370107472778386
6165,8.817290867045427,64.26113399311497
6166,25.539491369396057,45.77578876932367
6167,39.34114191961563,45.974377204723595
6168,8.96743147928242,46.3665519944533
6169,21.389347076609475,34.87050923415302
6170,44.42873110797269,25.88585582781765
6171,32.49080746092697,31.37891717563223
6172,25.102738180783966,47.85799460116336
6173,27.408625909187663,32.66950394382675
6174,31.701708719534853,29.45147478094761
6175,39.29275081788576,45.39983001945976
6176,25.05983129962151,49.53475491157229
6177,4.711895951733571,65.04455178364995
6178,4.711895747826451,65.04456849476348
6179,10.265104740631786,70.26959594557165
6180,15.83571737824221,70.00844067407601
6181,5.875984133518683,68.6273904514655
6182,17.2614876228458,50.96377172745252
6183,16.55706094288861,71.41884525308909
6184,19.450875566161677,33.93756395490726
6185,43.67983709338425,27.08837071281193
6186,21.031282728287376,72.73941540484707
6187,43.37581054872942,23.225578204558644
6188,36.32471335503566,29.602458234389708
6189,5.621638444974415,66.33504571429296
6190,33.742401928692445,29.36549435991424
6191,28.446061281625123,45.057452635903616
6192,22.707434909449496,54.53724593411369
6193,27.639515735843062,44.443892020402
6194,15.32168681501575,53.39075058479072
6195,-1.5661195369108594,62.17587175744538
6196,22.4465965074781,54.38702119969236
6197,21.233640797606594,51.98431300882262
6198,10.294840603363669,68.83551449507841
6199,29.627427336689273,31.56492404193589
6200,29.814477295751228,57.91349406924132
6201,8.649790339881616,63.44661132001095
6202,22.215935147066965,42.98163430165762
6203,36.498773891371364,29.975559676375877
6204,38.62949699305752,45.240166566329556
6205,29.75626053950577,57.83485521137409
6206,28.553854093147013,56.708482638753765
6207,5.626672702725082,66.47733443161715
6208,21.327990690764384,43.71623501433032
6209,39.0950658483563,50.14246416691129
6210,13.635894419936445,72.87065471131405
6211,3.617054286966876,48.64772424992804
6212,26.180016038368933,45.65519702426058
6213,19.472950202865206,69.98139280835065
6214,25.948207705584736,61.19496891075565
6215,8.406104276983273,32.685930212505404
6216,27.787097084983536,33.134824767216315
6217,3.316384997795786,63.989844953013645
6218,41.68041473492147,49.61740627355697
6219,15.482475585388809,71.59387534120887
6220,15.482608872003054,71.59373707197867
6221,24.68744267469174,33.750699828423585
6222,25.290267462965346,62.72147189186479
6223,42.60207406026424,27.631806173195034
6224,46.63092627696247,26.736279084229857
6225,23.481866680100755,47.452574932934816
6226,30.426412104004065,57.01645140548677
6227,36.98424841763218,29.16900214129642
6228,6.6829403027597705,66.48695812998052
6229,11.707587143738037,42.07954154226471
6230,27.165115840249527,57.832251469401655
6231,35.70865716159985,29.579169602228
6232,43.85676244257608,27.871607995944203
6233,30.811506967672653,29.328645529908364
6234,28.563016786674392,45.3113478497863
6235,19.550769656249027,50.14076600501948
6236,33.552502114064566,30.46551348853729
6237,22.147418302058767,53.3955140063301
6238,21.35493493510034,52.08321812942711
6239,22.029963405251337,61.96403144368964
6240,26.312822196859706,60.90179425984884
6241,42.117648584119664,27.909125660961042
6242,38.456783496015625,48.698242974747366
6243,38.62933627237045,47.992383295792884
6244,26.094499718410425,46.053330311330804
6245,42.64742311916393,27.651798465365463
6246,38.530419232739035,48.170868858482365
6247,16.71709146102261,71.31666727565197
6248,43.994163612109425,39.09006156395104
6249,45.0155919102292,26.75356061391627
6250,35.028355624743725,29.217241218923814
6251,28.123663207521616,42.69642035857246
6252,33.03935784682682,28.63319820850213
6253,33.03932755124568,28.629373771271062
6254,18.411109619670647,53.249690236054754
6255,23.969158447345336,49.16211088471786
6256,23.968985093477297,49.162175044066586
6257,18.945048527314746,34.66639991271682
6258,4.594108580037391,69.02232584054829
6259,17.04172909518337,34.128619995378735
6260,7.90689332743067,42.364751538181174
6261,6.367682383395189,65.60185085096289
6262,27.548276370285368,32.97882245189543
6263,25.71262803998701,45.67154762379375
6264,25.090823279531335,63.09902050663642
6265,26.34206018329216,44.969344968664274
6266,17.336951340204674,50.96745333764566
6267,45.78881218065728,26.898786185899528
6268,19.773504597287726,43.4718288414312
6269,33.65798544900686,29.20323947082336
6270,44.031643569046295,39.13133730787832
6271,41.97396192258878,49.01255318227687
6272,29.775073308315154,45.96921938147961
6273,18.840749594555174,70.16046012032437
6274,5.833159408441388,68.64112668558333
6275,30.141572291380307,58.06983101671858
6276,41.69050673683265,49.51547624180541
6277,3.9947024001665286,46.560756168388004
6278,5.408811991550688,69.17158098686173
6279,45.531575931686845,44.7684603017542
6280,31.15092110550454,55.59898415848693
6281,5.245986123600788,69.37377019631536
6282,43.50488402414044,24.814455416796566
6283,38.6491965298577,47.76584240649824
6284,44.03019702003445,28.191179484071846
6285,12.627638404587818,68.9957903125961
6286,17.487161299745992,53.77413018895141
6287,43.55641085088671,23.460980186449486
6288,24.258051893623833,47.814259919605846
6289,29.407338839861644,45.832344362115926
6290,30.893962550695164,55.7893376386102
6291,15.794732127082861,52.984378163529136
6292,43.25330306617949,28.367300546372103
6293,31.59229737405134,29.81069226691667
6294,36.42277554551542,29.843871775171802
6295,10.10571507379733,62.654335028395295
6296,21.228865703941942,52.28400095585606
6297,4.154263203028323,69.80857855837502
6298,19.996958678117423,59.084307078767175
6299,16.363939973392686,71.25561697627218
6300,20.13169812738365,50.023955515676334
6301,4.428599585919837,44.4180035264309
6302,38.57056005688819,48.82432062632507
6303,29.953637135989993,42.07100980402317
6304,43.98419495057036,28.14563847869804
6305,4.430144292024217,44.97804150787459
6306,1.3891967346830683,62.93924720435495
6307,1.3891970935733775,62.939258403886484
6308,15.735507346656169,53.27186484844162
6309,18.608746989864986,53.0688135032391
6310,17.447495554455823,70.78320332036843
6311,15.21459673491523,71.43993062184438
6312,8.272114318443966,45.16311892537413
6313,17.631781579349866,70.59220281892672
6314,-0.15004001624467195,61.340909630033075
6315,21.562243224112777,38.87778614058257
6316,27.760305323716068,59.268774112271906
6317,22.366504542351024,50.69465989593906
6318,29.297040201555767,57.36788369417733
6319,10.965833100695956,69.71032975438713
6320,4.662900548235734,68.2880887046172
6321,38.593966595163266,45.36721557584732
6322,22.399114168112735,51.70802913822937
6323,10.28890310961955,36.37230778408726
6324,19.504072194518777,53.29862077729329
6325,4.801322321713136,68.1604181444377
6326,4.801204241584695,68.16032929996338
6327,9.750950119087051,68.31679323194763
6328,41.753029243032564,27.966037739457484
6329,46.15653957295268,26.94320348133476
6330,17.630567151513223,34.4155568771127
6331,19.940154481889966,43.34448557537978
6332,42.625681815205056,29.222179815735483
6333,15.418891215913776,70.87860215484962
6334,43.964361983928264,39.132370398331076
6335,21.609088754203675,43.41997332752662
6336,10.137439947997404,36.73698944697968
6337,10.836539506802694,69.50969199250605
6338,48.24063153632523,26.554862248410974
6339,19.89051609265979,53.49235304812856
6340,25.932111336005562,60.454540468339445
6341,13.627770610162003,72.64495984963465
6342,25.41542346694309,49.481534374276286
6343,15.48133391416299,71.33829830980173
6344,38.54753440300378,47.215375664565705
6345,28.744391163099262,45.554165097195735
6346,8.473965133781963,44.92567187845678
6347,19.454336112330868,69.97927682083193
6348,27.952114072942102,33.1724080457723
6349,31.00496911202596,32.55781257053015
6350,12.88126239830839,69.06924924158028
6351,29.292172770928513,33.812458598089805
6352,28.451479714210304,56.743479887757026
6353,21.268170828805893,71.53517712996134
6354,37.914249584419544,46.498123999921845
6355,9.530481747138598,45.727568360580925
6356,4.307371163247257,68.16779224751836
6357,15.489603486773323,71.10752399907382
6358,23.401900143376203,47.791265472665465
6359,17.578725553500696,59.9394230885771
6360,26.811507428898928,58.07453310549957
6361,24.903377264860165,47.998491175663865
6362,12.639348936363495,69.0004664510713
6363,19.925879748731052,59.16664323832927
6364,26.45371568376921,58.960312525555175
6365,34.16072851536918,31.71711328567308
6366,25.96765321781305,43.279252651380645
6367,29.832295348802667,33.321536664837005
6368,43.67273714000013,23.587019065557495
6369,27.925769993032013,56.849044261685805
6370,36.98636468652209,31.165613244670293
6371,4.244715449003022,48.21533111974422
6372,34.10191636651622,31.208769534547308
6373,7.688789140516847,42.40795923874205
6374,13.683106852050992,68.89068643467698
6375,37.4236221600108,49.52506696940575
6376,19.521517086389583,53.032698385749484
6377,5.819292473128829,66.75876312501063
6378,31.003591909024834,32.618922369575074
6379,16.017862776112484,71.01662502876474
6380,26.42994715773323,59.977517965938645
6381,3.986892804752564,67.87741556620935
6382,42.01344779177708,27.959730056392523
6383,26.88466525482605,33.22869538390883
6384,19.662480928640278,59.177950424792456
6385,25.207273517796292,62.79991092991252
6386,36.59568395442755,30.72546951389694
6387,4.910162272495863,48.37560258271969
6388,13.585321888956758,51.67681631137543
6389,1.023040599997561,60.98733443844084
6390,22.15303085108603,43.21424744691893
6391,9.883406155893468,45.33753472599191
6392,40.02009695117572,30.72341270143542
6393,37.004810707928485,29.42491868557142
6394,38.5274854600827,48.89200899808578
6395,37.41914725551742,49.65906860054343
6396,38.39532476870701,45.38294978120582
6397,30.610175974241255,55.866312062928
6398,16.506332783770457,53.203484624492035
6399,-5.845977551080612,17.82690110269693
6400,14.288634738263745,52.50134568124016
6401,28.03506796414274,44.13968545681016
6402,38.5186036808249,50.29429765311287
6403,3.317313716323854,64.2323037365232
6404,13.652718785783609,69.25933858124762
6405,9.306932541535051,42.444339921661516
6406,33.86124181011529,29.36974838888304
6407,37.98765662831681,45.820563625188505
6408,43.14509386071506,29.0636507665103
6409,0.852292451874402,60.697918276666876
6410,26.18170862101969,60.39618018922604
6411,28.687673783217644,39.528528739122414
6412,3.9204349546826385,68.37801404413418
6413,27.317993781237593,47.464303577376874
6414,43.56030865584661,29.929535966621312
6415,27.457440871478937,47.41085343386567
6416,26.090790893532308,43.31300487417863
6417,36.759344884217114,31.181414048162214
6418,-40.53704204476427,38.5567415944064
6419,1.4368004294846548,47.687113819708955
6420,42.1292225436168,29.869350352053168
6421,14.822567396224143,69.18389958035426
6422,5.395848920371267,69.067250430131
6423,4.878046526130783,67.87247710176375
6424,4.878046932174807,67.87247346989174
6425,38.462617670114646,50.10068454126713
6426,34.187018062619046,31.222189188790296
6427,-37.3192340894293,-1.9146994415444702
6428,40.469273235019266,31.422205931541768
6429,27.954334453069894,47.090035390829655
6430,36.544913113406295,31.139555065851955
6431,23.37602638702509,55.4654141494464
6432,36.49066102694265,30.71189603708899
6433,47.16803146843754,26.640256850007024
6434,40.068610970426725,30.77395991020782
6435,25.094869976930433,33.90831806594362
6436,22.313649390212063,42.13307853398134
6437,12.105903753445075,42.38558904486566
6438,13.72450824189794,68.8629920570136
6439,47.45923240776702,26.640679405900826
6440,18.513333187876444,44.21986580614897
6441,28.94823816463823,56.14431246071893
6442,28.948232985214258,56.14433233313129
6443,38.51733720103476,49.45002070090109
6444,43.71817211583867,24.667776565283205
6445,10.336423049018016,42.77869666165407
6446,10.301367388561752,68.68880087662995
6447,16.405008951841374,72.01594966799195
6448,36.23018027200793,31.174508724375023
6449,38.92639713406065,30.796816558037857
6450,11.698871357732255,41.157728083556556
6451,11.698874791964727,41.15773581461922
6452,23.513305251442926,35.45906537236014
6453,31.574191199753788,32.8970696322023
6454,4.021975247433047,46.633906790525934
6455,38.118670500240995,48.28403069063779
6456,17.103853455959275,52.98364536170217
6457,48.27141622603874,26.755500297258873
6458,14.648264514003666,69.56102458342194
6459,-0.7790477670433651,61.175349749662885
6460,27.854877765766965,34.06006456286094
6461,18.387633941795304,34.41508348449949
6462,10.881073933337166,62.62820470821251
6463,42.71953925416831,36.615771406395844
6464,23.228425629776538,54.46901817304688
6465,39.47193059198349,33.664808908025535
6466,30.129633812466967,33.3970413676129
6467,13.958308131774885,69.18485359906595
6468,16.143773151273493,70.94505783498705
6469,9.561251961848571,45.95519506422598
6470,46.309369144831955,25.4206019222166
6471,30.611637183265685,49.38405203956166
6472,13.876475309619762,68.98288098608504
6473,29.220195972971368,34.45905788961185
6474,6.720519358143088,56.481838330359004
6475,7.869729837421289,42.492751984275415
6476,38.5218643560369,30.895880675137246
6477,34.65619282186174,42.85603461143561
6478,25.97005755065816,60.311026103232656
6479,27.601401731122277,34.10815180280267
6480,27.601363199279636,34.10808388321159
6481,21.42667646225783,71.43460144168385
6482,40.29459149283981,31.24014210905756
6483,9.57526390632936,42.88696399817862
6484,5.211575507694317,65.76812664712934
6485,9.484319413647455,45.228841104795656
6486,18.646168083286238,34.771484371160085
6487,12.260328103293412,42.69058811139243
6488,38.45945351431167,49.274580159363694
6489,6.365892892930752,47.043619186146046
6490,14.540185747611169,52.59338040075484
6491,0.4926600576626817,44.206180980853844
6492,30.35951855386402,55.83963189711624
6493,23.11892579854327,53.14375027538776
6494,46.372302184959864,27.387661703475644
6495,30.47279875646384,48.46028440153059
6496,45.93520210796552,24.907674313714544
6497,42.349931767469734,28.060445094524944
6498,38.45731795757096,47.451325888555914
6499,13.669775133544999,68.75527936672019
6500,21.645206487587675,39.07052713791254
6501,15.889104391123993,69.94978121471117
6502,40.85398526688753,31.06107953359563
6503,19.653214967472433,34.99924995688971
6504,40.295328801183985,30.806181781740303
6505,39.2938044628854,30.66471588299004
6506,22.139959935339412,61.95290914802436
6507,27.463518552242416,59.4161973831028
6508,30.361525783971548,49.114460530850536
6509,1.5637986045919512,47.53087664427508
6510,1.5637699626273929,47.53087001233693
6511,44.14340528595115,23.730431991820563
6512,44.322795144909946,24.47277115109161
6513,14.200813651965772,68.66644273942426
6514,16.524719032586543,53.82292566969277
6515,16.524821914953165,53.822818644831244
6516,12.40158159939419,67.38405346892134
6517,16.188132480139735,70.28669930119537
6518,30.73448560815217,46.51070446320679
6519,3.7605523688934537,68.23681964911327
6520,23.659910473508976,50.10070497755771
6521,17.065477245406697,34.2431195340228
6522,43.64676938195946,30.102751168623957
6523,44.48207171485521,28.97986151542432
6524,4.404690128548651,48.06615388047061
6525,42.67309128315349,29.542800450800506
6526,27.159828162894513,34.455222935356204
6527,8.56172156970495,43.894364526002946
6528,2.218734003064675,50.77264801715281
6529,4.062535202453586,46.576045937475335
6530,14.2886970237168,52.451377421612726
6531,7.31598471527202,56.73217065172919
6532,22.036195366489274,62.194884931272135
6533,14.472673417737791,69.04208021299942
6534,15.660926972954785,53.365834209033025
6535,6.0186804680466075,48.23795279041223
6536,44.49760377561892,28.732083785856187
6537,4.3150901404841795,67.85941406225808
6538,28.619052537340195,39.640468274086395
6539,43.47054526152127,38.89459616206224
6540,38.385087089851005,47.96344627532919
6541,3.612522053412297,68.26624169864307
6542,42.56827457436781,29.651386938619805
6543,8.804246165942125,45.2560743927631
6544,30.85306018303804,46.60396393408126
6545,43.38572133871344,29.301191221884245
6546,4.5136922315455985,67.56208994396356
6547,8.674909754470692,58.62192175922654
6548,19.25606921246006,69.22917273769363
6549,22.901417602589234,53.20743341631366
6550,30.016525271839424,56.202520574993976
6551,30.954103175819636,34.01255949479821
6552,4.677017922128356,43.97032049852937
6553,46.615047239112464,27.701399146680377
6554,28.39208990401848,38.786081130037694
6555,12.359902802874657,67.78190323046329
6556,27.282931713881425,33.679230346622745
6557,7.186627005773985,55.93341929364557
6558,44.56388084153773,28.81277734799415
6559,42.60612349657723,36.4856238211472
6560,30.223356425356613,33.834465281499
6561,21.07921006362448,72.62657553544081
6562,11.403634927707945,42.90239061884842
6563,25.6016984246223,61.23967799101065
6564,19.323344571274117,59.587657275672754
6565,3.03670630671707,48.961099076927944
6566,25.84789319768316,33.5392978930295
6567,18.532541352101635,43.051157365874765
6568,19.39854999538512,59.46660940409857
6569,37.262475268266144,31.287480531940222
6570,28.732594323811384,38.77832585365159
6571,19.830840608047925,52.23541419920767
6572,19.160913315691648,46.673326334592524
6573,23.627366921074906,50.19401808639694
6574,14.98865862841908,68.75011949852546
6575,18.769970729964992,68.98030113887526
6576,42.19597311312289,30.189491742184558
6577,39.89099842020463,33.764938494329094
6578,29.86067272004184,34.37664371930015
6579,39.50534194265769,35.31939162615482
6580,28.233621071710704,56.05679944691857
6581,20.188406399322968,49.542780952768226
6582,20.188322461924482,49.54293349513014
6583,23.88913832711042,54.47203069035525
6584,10.782002654092969,62.595417557909286
6585,22.621554548717956,53.43285829758705
6586,16.049200230631012,70.46386950364996
6587,25.791968294443492,60.496946914829785
6588,22.46921684823147,50.877391392577124
6589,31.817087882210554,33.03854269466741
6590,23.720847316263967,55.80393493439657
6591,0.19235556528729386,61.941811878389494
6592,37.586739838958586,33.017324841094876
6593,16.44005404395585,53.481012231689164
6594,44.100100518597785,29.092911116060193
6595,13.970866891041506,68.85276941219101
6596,31.63579234452783,49.2879266293516
6597,21.56306819730203,40.3388094042682
6598,21.563075499728242,40.33881663005226
6599,0.8735784046909126,59.91277617339165
6600,29.975469642424933,42.1955525103146
6601,36.426512360054915,44.42087500274507
6602,18.331044291228633,45.216957168165365
6603,19.2440884756926,59.65431616554044
6604,27.27756086581126,34.356595583968655
6605,17.52575888773122,68.5463474232987
6606,27.735894527216995,47.339309071792975
6607,43.693235362647115,29.260490666234293
6608,-41.3197851733297,37.77134867168009
6609,-41.31978712789361,37.77134815293938
6610,29.629794775108582,34.85882480039247
6611,15.733925031279282,53.83307852884448
6612,25.86643352979536,43.22348324878547
6613,24.85228814753629,61.571407250331895
6614,4.649027822765034,35.89891483791426
6615,25.581202700653886,34.076584348076665
6616,16.642843034458433,69.25374139891338
6617,17.923649497841822,69.76602252623903
6618,12.324258670646683,67.31457611692556
6619,41.62975847454461,30.664496713689964
6620,29.003496429580956,40.09050578355822
6621,10.704608678333376,44.96800444635015
6622,38.19909413718936,47.42646099152635
6623,42.01520209088539,30.52332365280937
6624,-9.629158820266552,14.673464080258304
6625,11.51703581125051,60.62872371353434
6626,15.458810200313783,70.89551653559224
6627,15.95810600071017,70.0157901545821
6628,30.393008807802932,49.24372472087064
6629,13.084817537810954,68.35928259864495
6630,3.3958451167507455,48.72314393128135
6631,3.395845740484645,48.72316606721347
6632,31.50972105081647,47.301224710470606
6633,20.010182398442595,48.05823476683004
6634,29.398684831181058,55.04021419599957
6635,1.711600561994244,44.71388100842986
6636,38.96794662764436,30.877758336640646
6637,11.376929597788584,62.266382144724496
6638,0.8376862617744223,61.314559594228655
6639,11.732953158475592,41.168035193086425
6640,18.97407690096213,47.09524979636537
6641,37.89626814733677,31.32702157526262
6642,47.40028228644538,26.779343421589065
6643,11.62607904486324,61.11513170756844
6644,44.12133506393919,29.246732351958364
6645,40.276236615966724,31.448201535229444
6646,31.55815312331363,47.18357789792974
6647,36.81711826154067,31.983784872912587
6648,35.76855915070073,44.36106270176354
6649,0.8965189783183497,59.09116860352908
6650,19.740116850341508,52.45827760605867
6651,10.883316954528894,67.72802843264795
6652,17.205924083387547,44.47044742609135
6653,17.583685781244174,70.27917079826561
6654,21.450187646394205,38.994397994554554
6655,9.246996254678828,58.26762290423833
6656,5.063581984544986,66.95234070557329
6657,1.0251036001297926,63.7206364469306
6658,18.386620517527668,43.41852537939778
6659,25.150069025947033,55.288196418620934
6660,36.51138182206648,43.99837315211595
6661,21.416315248043357,71.5971533161314
6662,30.955494561705645,47.52484102693965
6663,13.627838373429858,68.57691483796019
6664,4.794793044090485,47.20441119973467
6665,36.9705456630815,31.774747942141747
6666,47.122861674796184,26.829875961966028
6667,41.33876201759093,37.478258931870904
6668,22.84698715052845,50.574866971495844
6669,35.0585036153325,44.26471693682485
6670,17.679437100688613,34.52171058159654
6671,23.849113560166035,55.89465757158856
6672,30.054202261462795,34.490212371593735
6673,10.203204808811975,67.25126811972413
6674,15.66619570490698,53.77513615910231
6675,17.888586864708625,68.59690490240625
6676,10.020742143983234,45.75876063855363
6677,38.90509833342408,33.96737898571456
6678,47.28451741873236,32.43656989836147
6679,29.085508953901513,35.51594981631881
6680,3.126011814306898,49.45579444398871
6681,46.67207185874369,27.60120469537686
6682,42.957277939671364,37.579472440483215
6683,-0.7773620334447506,61.44671531008928
6684,11.022311582913556,62.375903655734895
6685,21.20313057543489,48.279356120977674
6686,26.091443628704482,55.69187615385066
6687,29.07434604734649,36.0935814602536
6688,30.50647200318912,54.939796504893245
6689,17.756511021109297,44.89020864672106
6690,17.756750204334953,44.88914355573929
6691,27.98197782947278,39.16388285678854
6692,27.0194238135313,55.5684835737982
6693,43.735296474432666,30.71244703971004
6694,34.71612266133186,45.31532294273256
6695,26.610473535585694,55.74373438210644
6696,0.7866212612742243,60.65632394563753
6697,47.390930994565664,26.9004487724332
6698,1.471914023955439,47.93584126946073
6699,10.657584180552352,44.218282434646284
6700,1.0271617094902605,63.97113892107435
6701,39.02198257991812,30.928396057617643
6702,24.90015014717256,42.45849022072877
6703,23.73068468360118,55.72339951797853
6704,22.936570156880226,48.133567196507585
6705,31.880346874250197,46.99520397976939
6706,0.2403831835077268,62.27554415873801
6707,15.802054289521719,69.53368478354976
6708,-0.23444351976634215,61.58327962526284
6709,3.108829085709376,68.32821347029403
6710,19.85166118939449,59.24142804205153
6711,17.415199515658784,68.46038878376021
6712,8.768413667906511,54.35307193683849
6713,46.923587158762274,27.9544700382186
6714,4.345075576784298,43.271338982214246
6715,31.225684072192994,34.30613045218131
6716,-1.852789918182929,60.39793384147675
6717,26.751955847918087,56.61315979686169
6718,22.15582227826812,39.17040084687169
6719,36.493814199677615,49.66087210189127
6720,39.62455997585558,34.0641146868431
6721,3.122999453882469,68.24240405997513
6722,9.298715493394788,58.62831263046584
6723,32.325481706105286,46.964167704710796
6724,11.929173798612252,43.24115988174464
6725,2.7557747369561456,67.19150494193583
6726,14.243706730929725,68.18868593171727
6727,2.3192529231621197,64.34710894501795
6728,20.742370843620478,48.303347202216294
6729,17.578140396037924,54.82073661758972
6730,24.244511665305787,42.02268019095282
6731,17.934332473022923,43.16750420028187
6732,26.12208908243781,56.150386928886554
6733,12.396239358649288,63.800398613373716
6734,20.539217842867217,48.05245562160002
6735,28.940182454039807,38.65800900793787
6736,42.77363559390544,36.93001608192089
6737,38.530637872917616,33.88853516467216
6738,0.5728459107795293,45.16708218184856
6739,19.404965464683226,69.08756864685893
6740,11.783158754673526,43.34468828468209
6741,0.5141661004226522,61.359992351849186
6742,44.304258556275606,44.05159817752905
6743,4.518869272410337,40.80820340009816
6744,29.998598572676926,41.51216395397225
6745,16.820266963882556,68.80056053990243
6746,17.361977649255223,44.795214711830454
6747,1.6732781674357213,44.850986783996525
6748,10.113551189038533,44.17983817154564
6749,28.46363834762284,38.26999210626144
6750,28.463104365041126,38.26991654292163
6751,8.400912493214696,54.646167365460585
6752,1.9224857647656546,63.89436323944491
6753,15.654584996509893,53.95562483985202
6754,36.22555151892884,44.31237426910577
6755,24.133972949082803,61.784048785838635
6756,17.442686855049793,60.00557942735384
6757,14.894938304186654,53.728764438755064
6758,9.053269684529898,55.20460780365961
6759,39.537859910177566,35.54793001142052
6760,8.53093715978509,54.52442468919058
6761,21.771994047071782,70.80527960343228
6762,12.800058552957635,42.51224556849005
6763,12.800058217672465,42.51224335347727
6764,26.41771926198559,33.706073337898594
6765,31.23571764875255,48.830955508144626
6766,19.144319528154114,47.182253670885615
6767,16.766785159108583,68.16334932379627
6768,30.811313425513475,34.76437742606623
6769,12.235550407603899,63.57441936932192
6770,9.349636290176827,58.82526800654622
6771,26.966588340068963,55.95901396231302
6772,18.306076465810257,45.58951443334506
6773,16.46075487603981,55.773052251074574
6774,22.853959412575378,51.05118290926103
6775,-1.1289964308511495,61.57579179092326
6776,26.810122920640453,56.43247357980075
6777,46.64995584362115,28.78790621004453
6778,46.649992829815616,28.787909161328738
6779,14.064315279150895,66.65607657321819
6780,30.011842755012918,48.69104829661442
6781,31.42143795138941,35.26583101262324
6782,37.68489679967965,33.956203298629994
6783,49.25246977350128,27.380062889915425
6784,44.52386092932757,31.011210686356417
6785,42.72345023708307,37.86162044414036
6786,24.040105394669755,61.84989993884508
6787,39.31649398964322,34.50429566900847
6788,39.3162549401351,34.50241215049895
6789,16.448578331653433,53.215312192457255
6790,7.412425095602925,56.02715610538413
6791,14.75020429665859,67.20727901675066
6792,8.346740866338694,44.02741455562053
6793,27.719129010961232,36.07034413897301
6794,23.597754735012384,56.95578126929302
6795,42.12491266571566,35.89371574921903
6796,44.49196116632519,44.22923933545121
6797,0.9463107255037021,64.23095203659463
6798,11.791099534014508,60.75037790600265
6799,22.054640306859152,62.695165059566946
6800,1.0600204279077237,64.68102193589397
6801,34.34230907792526,42.96886005686968
6802,16.830982126929275,60.84353989173526
6803,16.830923129928358,60.843216726794154
6804,36.333006802716646,49.02686620483818
6805,39.519313625087904,35.413255370247356
6806,4.323652683478263,44.14546260391731
6807,37.43839398807178,34.17226122077538
6808,25.834664269726396,35.582148759801335
6809,25.74598088965127,55.54873052871198
6810,27.192581775805625,42.22716110289046
6811,29.183837503025842,54.77798531009068
6812,35.91835903431522,45.61673534928585
6813,47.47407629282263,28.625684080398546
6814,36.7130065968666,32.255616950043795
6815,23.62089900385088,58.359632309009264
6816,43.92761317555999,32.08761172833652
6817,24.428301262802634,41.96521735272495
6818,0.7534196978535442,60.60105816415797
6819,39.73449011866229,34.186800920839566
6820,13.086465445209184,42.49797060193419
6821,31.93702771646842,48.23268354634791
6822,-38.24400787659378,37.26407617903741
6823,40.073838718651835,36.652075234212056
6824,4.8869692425845,44.29958862312249
6825,40.932304451250744,33.576219637310906
6826,1.0529414705228561,64.62241618239128
6827,44.80602916566684,31.017061325793556
6828,0.22027584355701485,35.4582580171405
6829,23.991437473515116,55.769717091213074
6830,30.46862448640149,35.98678959496295
6831,7.835250484849544,43.39844686296849
6832,29.99455004522136,35.84136214830647
6833,28.78046939134664,36.26471339673954
6834,29.888509379960578,48.433986426965255
6835,7.826896435405757,57.04063773267842
6836,40.94614324254553,33.911414046246584
6837,2.0358468100422598,30.544588048924222
6838,46.97976237683924,28.38622619693899
6839,29.297199133036813,48.3336682772044
6840,14.382246393152554,66.20500012547339
6841,25.84909038442232,54.649395711882825
6842,42.71359904686802,38.34450345560107
6843,0.15982919701090043,63.22726402953661
6844,27.540950783095766,42.14787231851113
6845,22.718311598953676,50.353052100959005
6846,39.35820381967441,37.54547684095086
6847,46.255943519816384,25.007414513083738
6848,16.74403350343112,36.07754977509425
6849,37.85145384514806,34.59701815643106
6850,4.354174719965431,36.15151837925267
6851,4.200635900629134,47.06798950966771
6852,1.6068062067229767,67.69949479955048
6853,46.6336880885316,31.55623707178853
6854,34.77980698431287,34.98555132418206
6855,21.759044434998454,70.48619445036908
6856,22.24329201100187,49.66902949308764
6857,34.40982874851442,34.97945627730648
6858,10.050277810877889,59.727961281985586
6859,21.929056627155465,70.57115490713382
6860,39.76642650158935,34.99784262729808
6861,31.516693399493608,46.837965593876525
6862,10.202359453482059,67.18530663071785
6863,23.43549674280304,61.67437549281991
6864,27.26356897355356,42.09628347606229
6865,29.469378920163415,36.51637948955202
6866,24.767986281349074,52.314909534281966
6867,13.70922518921793,60.97785659391085
6868,8.825797248303248,45.131555490656496
6869,4.891238371361243,44.210792879078795
6870,31.402763214500016,46.73689636216058
6871,11.200187769690858,60.02871128183772
6872,7.214506788192486,42.09791323407757
6873,35.914050490749865,45.33395533119021
6874,36.6715245182449,34.14334472554292
6875,26.84123458691299,34.704498569469386
6876,28.71883557122233,36.92185615110157
6877,4.57738066079836,44.59982659204916
6878,21.997911814448866,49.18623974762186
6879,46.509700079301155,25.375826354254418
6880,14.519656644086773,66.70635331086588
6881,26.87304631612441,55.8460091395816
6882,47.09163042708865,28.198962623459945
6883,-1.9173164648054035,60.35830460905578
6884,7.474026579719789,41.83385322637761
6885,13.593545088426358,65.6020265060088
6886,13.555427647627681,65.58312768190214
6887,12.644137479961953,63.285392249304046
6888,29.749967109955744,53.527910849231844
6889,35.69858814940934,49.44123795119434
6890,17.283552901269328,59.8555754671604
6891,17.28354268158589,59.85559083458557
6892,23.915667217405268,61.20877556164157
6893,23.01212104065858,50.992492218107444
6894,31.17564437262338,48.52940936043698
6895,42.16628783129443,35.151321920046456
6896,28.864203154173072,36.71271340424253
6897,2.5268516182797622,66.54239423404783
6898,16.4234642352197,66.79484345215837
6899,17.400760137079168,67.37459497472253
6900,42.46234048809669,38.60851473470024
6901,-0.28837000331129425,64.10911013310395
6902,20.67168629909517,67.45275644612343
6903,2.2050128092215866,67.13720067349709
6904,39.87925466856102,40.47358086833749
6905,24.48364895094056,41.84079332843824
6906,46.04925492517474,31.58446607802186
6907,2.375970796762795,66.73408587751734
6908,-0.12744572377760968,67.22290081296455
6909,32.65112021483685,48.450183255939734
6910,40.29285578647603,35.96234905641584
6911,47.52650882888931,28.799104836082652
6912,22.403605822803968,39.35489933981996
6913,12.826476987452342,63.037460396126676
6914,39.647728779254635,35.212816263331526
6915,46.61419463498346,28.972208646639196
6916,44.808943352391594,31.330810868446097
6917,17.08581889986181,35.114203992551694
6918,12.66043086264336,63.411911627392705
6919,39.34864943573611,37.5230658908598
6920,26.78523418992008,39.51884098120977
6921,0.6801095132328422,57.51372037477299
6922,42.67528658859611,38.536894502737745
6923,36.55017871203868,34.17596327244081
6924,33.99315330934669,43.12638164974269
6925,12.742445797786207,61.54691132515846
6926,43.26441833472539,32.58277459134157
6927,29.902362636096406,52.73815897946459
6928,17.656302558835478,60.820166589635534
6929,49.29528025824744,27.349217395511353
6930,34.80206717293288,45.829302093917676
6931,17.25074881243573,67.00170220270809
6932,42.148695817548585,36.16743072077065
6933,4.300698596094519,48.76525397858136
6934,27.98276196645787,36.3940101406382
6935,9.202132579578997,42.08665839987315
6936,14.333042008714651,66.21777433647785
6937,1.6427467081827065,66.88297735431559
6938,-0.23731995988261964,64.22332025414354
6939,-0.24249566712893397,64.35872227456798
6940,36.02316307756438,49.001953118858054
6941,0.9325622208769727,59.0072064748107
6942,0.9388615504770415,68.0783527296553
6943,22.514802669191813,63.566370122959455
6944,34.209927156866826,45.849020217135845
6945,31.51225621078305,47.937549067207144
6946,8.649267779168976,41.295288689386275
6947,-29.34485555580134,34.55714594388628
6948,42.609414805750276,34.557565912572
6949,21.8983119178246,70.16094856601474
6950,35.03067887576894,46.055563923013345
6951,30.872176579012287,53.895724450709494
6952,42.78303826014869,32.592124403863984
6953,21.62501585911375,64.93441703003063
6954,0.47815671765471884,57.53839306016379
6955,34.881777678126625,35.16591721136695
6956,40.72350516266163,36.76177066114968
6957,26.374613942829892,34.02978383402951
6958,45.731547934378476,32.751943971370046
6959,0.8520467600535423,68.60476800108965
6960,7.620018103655087,56.67757395922252
6961,30.588544708075926,47.521317595408796
6962,21.527759901281456,65.09184687496207
6963,27.878840441666377,37.15568887367395
6964,7.448316802149855,56.181265279151596
6965,46.488173672115394,31.590602308716637
6966,0.9142717817623953,58.89875781839585
6967,-0.1297816873606222,34.9986459395556
6968,49.29747103254685,27.681280846433076
6969,33.08093638199175,35.94793581901089
6970,43.43180786226057,32.69873657543117
6971,43.43167192574221,32.702294581811586
6972,10.974087463212069,43.32145976965211
6973,1.4193379146053045,67.82864086863505
6974,43.84101180114746,32.921870368418126
6975,29.559214115252086,37.2133395469029
6976,25.923387626193826,35.5737460733733
6977,24.918712848952044,52.46175913134676
6978,21.220416503412928,48.39186397796945
6979,42.724166241567666,39.54114608178145
6980,16.607963402393953,66.55561195225992
6981,27.957808040342353,50.30906915368601
6982,1.097609894360777,51.10887851043831
6983,1.0976093200951829,51.108788114675924
6984,18.262195236206033,45.70644402050613
6985,26.654204059149123,42.136002867272495
6986,-3.400458024031949,32.54823509639013
6987,26.596634231076703,34.97866672915099
6988,10.024442101700108,59.60284800376332
6989,49.363890546239325,27.384026867129926
6990,29.10123218828485,37.81307061430801
6991,37.10199055788466,35.20370207144877
6992,12.93911970765857,60.12784435451666
6993,8.31782680591763,44.604156904450036
6994,18.051606765215976,45.312163743196784
6995,17.382789107836718,66.56996084006654
6996,12.73729712715771,64.09743025211856
6997,33.17134204416991,35.929779149598396
6998,23.02882296878515,61.19535808420822
6999,-0.23084510664068658,67.36324684568453
7000,24.91826107769076,52.047949401568964
7001,48.218765623354464,28.989264246856333
7002,33.62711053601769,42.93675186554664
7003,43.94871623927006,32.860419710481
7004,10.220226350747538,59.85792398095453
7005,14.625503753913474,59.53695723455688
7006,31.2515234157008,36.43616036746396
7007,10.782755926431607,43.085853307389044
7008,39.36100040669677,35.758010234172595
7009,22.302725554851953,49.44419812346797
7010,23.763882330183698,57.281382918007786
7011,23.763921036593526,57.28324422599856
7012,24.394440831741832,41.670133803957775
7013,-18.25977805159605,26.187826700251424
7014,14.314546964585409,65.02778087527632
7015,43.965986595715194,32.94476585424228
7016,41.451771931314,34.75195879105484
7017,14.867224668530623,65.89679911682995
7018,1.2355721066792982,66.99258727361273
7019,13.413751498413113,62.2072527865438
7020,18.007801140317824,61.172182607463434
7021,31.12274917480411,36.50000275041181
7022,35.30526948748771,35.39958832242672
7023,11.351903607755727,60.24519740456668
7024,1.0239429558766822,67.37937666705741
7025,48.691776655800425,28.576838534866713
7026,21.088896224537528,47.10985816273514
7027,4.990281314511974,48.52212417116537
7028,4.990277807897092,48.52213178887966
7029,28.610373484913012,36.82673593734512
7030,49.3390318401819,27.667537197332482
7031,13.915502921000847,60.311988926867365
7032,46.80831616532205,31.497579065850708
7033,46.808382424596545,31.49744062536661
7034,18.25269072923068,46.18889005302305
7035,44.38666539563899,44.31838972951112
7036,17.291535564317872,66.83330784880779
7037,47.10710723754954,28.861215961951633
7038,12.141594283855708,58.56480741883798
7039,14.722755396705523,64.46548947618248
7040,30.589845364201594,38.38399020686797
7041,22.638017255294827,49.419853512864385
7042,12.79523106700272,63.91861965043784
7043,7.026121239125031,42.19265652385164
7044,42.165541076387484,38.83373561993412
7045,15.903649433124583,36.35543362040232
7046,18.122149457422786,61.08735253773063
7047,31.33118156492214,38.701691968695854
7048,9.118371710799268,57.040306792042394
7049,36.81674589232797,35.56578563076568
7050,42.439808905438355,35.09726957423327
7051,42.803971664815016,38.41499699239452
7052,25.282679965279517,56.88968988723953
7053,31.029286051507746,38.98553268493926
7054,45.747896544898644,32.59936424058827
7055,24.849715392922363,57.6009487475773
7056,29.509706351050028,53.04879793658482
7057,44.14578513146358,33.02739715767804
7058,7.622732801772999,41.79373802589328
7059,15.999941521294746,36.266679881202556
7060,1.314111782065218,44.826789539748525
7061,1.802040612084126,66.99900597368985
7062,33.81123481723936,46.29049757122841
7063,2.070710038683412,51.042968983937236
7064,49.20031227992949,27.873340175605808
7065,15.387977401064406,65.26817957377587
7066,25.301250978861646,39.5758697175457
7067,25.301251363626992,39.57586357337147
7068,-0.6106532274579844,64.33019447762662
7069,-35.66262259113886,50.007203975309984
7070,44.69753170607204,31.966402348706932
7071,48.72700248617416,29.035361570946275
7072,32.621576978635105,38.16158140539061
7073,46.7807326437816,31.339649561753017
7074,42.5197572052904,35.065816769053924
7075,35.305450381333394,35.525972931094735
7076,3.3995826962074736,48.83956645239211
7077,38.5261862718916,36.446345770316235
7078,14.97076544045013,66.13741450754854
7079,15.035265306215887,58.233503353891095
7080,-2.3231397331971677,35.922151042935816
7081,33.614017686481304,35.961554469363236
7082,22.580085083369774,63.50562266839437
7083,27.91346013483392,50.33770583260865
7084,0.46425090643281325,45.7112572881025
7085,16.60944695942268,66.09292266091596
7086,19.317604666499747,68.3336624862138
7087,9.564400814410082,54.39360342898966
7088,16.95641526203568,59.34793094362238
7089,48.502988217195586,28.81023044753682
7090,31.872396757721585,47.81671367697131
7091,31.08476636229739,53.02383919969791
7092,34.11358010072988,45.84155983296786
7093,34.80767356633735,45.87280917841669
7094,9.599365375519033,54.58313415824266
7095,9.599365362209287,54.58314118989225
7096,12.206983750930577,58.61949256181499
7097,-0.6755869396711728,66.73837219440951
7098,26.981630260286252,39.50198298095642
7099,41.005045952398795,34.91706763001591
7100,32.767666587480356,46.71749000390012
7101,46.33158369398607,32.0203408305017
7102,43.944679501991914,33.0634684799794
7103,6.283049760263742,42.26969212851058
7104,35.87120446223382,49.14839675247252
7105,36.6157564716562,35.53880177200128
7106,35.23483197737878,46.76411563476739
7107,23.983534041180846,57.46869938231087
7108,13.840718518958868,62.25007797461372
7109,45.676099366496175,32.786204018709796
7110,33.291339179730116,46.41766853080665
7111,43.11305456184489,38.99816890127433
7112,17.370170128000716,66.44670553183805
7113,17.37010825052303,66.44693757317489
7114,0.8837241110040363,67.68535930171366
7115,46.1842230787006,31.962078108262588
7116,25.32882362743394,56.920586787661456
7117,27.21104374079864,42.020056630668854
7118,15.207228041439846,57.963429572940164
7119,-1.4293030061529572,67.20193755771582
7120,31.1257181137344,37.99061995520031
7121,25.825572185112204,51.99303001866153
7122,13.819420273703209,60.81543645671454
7123,13.819489117150349,60.81541130877796
7124,33.40742922729554,36.01489110746705
7125,12.982465822902343,64.14925592456851
7126,18.208335687441988,66.58637461000521
7127,28.238176381696455,50.25777172054082
7128,24.695266005732517,41.05416422425675
7129,17.904866822565147,36.94821530736175
7130,23.7179214708862,61.90281365229392
7131,-2.3829561821510317,36.048268360384704
7132,29.494418768450593,48.878488770657604
7133,-35.76285392677977,49.71775661165856
7134,31.347878704170924,37.62286464449236
7135,33.44508010012193,50.25822439747179
7136,33.44508127752987,50.258236320625045
7137,27.73991530192835,53.37964026472265
7138,4.691052075138991,44.22956866425519
7139,37.05459830143218,35.88605090284061
7140,8.2672147422101,44.0577548216497
7141,30.792509295494185,37.95309220953119
7142,17.775866298229914,60.996736400254775
7143,20.073167091052664,66.97353321554056
7144,20.07316591056317,66.97351931188435
7145,9.213194679360075,56.51251398162717
7146,2.943216878621022,49.20966337476679
7147,43.17507586293608,34.81884605558818
7148,30.898494325953592,38.21723584720219
7149,24.849535558576854,36.98891142853296
7150,44.85100491439418,32.879713468044805
7151,47.23881831963166,30.825661402278477
7152,31.43297625825377,37.51101386233866
7153,27.71823796244376,40.69770647682778
7154,4.961150712389873,44.30602398072409
7155,23.854725662827224,57.32038532388622
7156,34.01209429399218,36.06261582854108
7157,17.164664417448265,64.68033757122619
7158,36.038918919239656,48.56182631582721
7159,35.444376738225486,49.408032029089924
7160,22.504610419195778,49.417152703308645
7161,32.32023362286383,47.153362992575964
7162,24.812155969116745,36.580971531948215
7163,39.437569837129125,40.51938477414281
7164,18.192429824969942,66.55435233621212
7165,9.873883731020557,53.60296539019043
7166,27.911245403454604,50.62396521260897
7167,36.57474601662962,36.15328568161861
7168,30.56911158503419,54.03590136082073
7169,9.847850372798387,53.680370138060795
7170,40.74641145325389,36.68411764854217
7171,6.401212503563532,43.18365258283299
7172,6.401211524548254,43.18364392770777
7173,0.6516078627294299,67.67332457356628
7174,32.595320759233935,38.545016848312734
7175,28.880443133473435,54.42087772681221
7176,24.995497309070554,51.8087597487908
7177,14.930771715663369,61.03141218215345
7178,14.698405391973429,64.33159333533548
7179,17.77258673894289,66.24431685648962
7180,17.772594657667874,66.24429425122617
7181,4.31431865090733,47.63917655634516
7182,15.727554042246206,65.15096129093642
7183,12.803123786788728,57.43365080502763
7184,9.288762104586814,56.699120308492084
7185,40.89073713152847,35.499668817712696
7186,17.159957452187232,64.65905271188689
7187,29.314662726735943,37.54752669187844
7188,18.16690166006004,66.48030791685309
7189,29.909780104749146,52.7275472026707
7190,35.040666733223155,37.662576938579384
7191,32.22814483190566,36.58457324471014
7192,27.794671438446876,53.231615573876745
7193,-0.8183901941567331,67.10523399820977
7194,16.205593043451977,63.46249831305229
7195,16.20577492373174,63.462613478110356
7196,26.212238462060608,36.07193875584228
7197,14.920901465794179,61.06843086778357
7198,12.426887846268112,48.14814608863314
7199,4.332116556160475,47.7091376797049
7200,27.73394689642428,53.3964858757029
7201,44.534088696883366,32.430976297029495
7202,32.05186046866205,36.61836258868869
7203,16.028956119738424,63.37403899834058
7204,18.325825777162382,66.52410939194385
7205,-35.65874536850561,50.037892468294054
7206,-1.3722428431977856,64.48656685300499
7207,28.03703949457246,50.58731859276634
7208,28.03585038668524,50.58828799463067
7209,48.75762778465025,29.295317723298936
7210,-0.7116139910982547,32.980798935884664
7211,-2.436161312129234,34.970768049475204
7212,24.14630131838091,39.50819422435044
7213,43.40436231637562,33.99920429642258
7214,43.55819359205131,34.754470333341494
7215,43.760857213355266,34.5626608987537
7216,0.6066937158001917,67.24134855440863
7217,40.151375738210014,40.39483630659594
7218,24.700568621318396,36.45083600541898
7219,29.64988590783624,51.94625631847714
7220,20.962935689263425,65.1026006045366
7221,30.739707639776096,52.6489605663049
7222,37.62447648412917,37.493330066250806
7223,-1.208888828560248,64.46460271831032
7224,24.119757157039388,39.67881758677702
7225,21.232005275181503,64.87073501664266
7226,46.14136360494431,32.984418332078356
7227,0.6361110703601646,67.35305288651776
7228,32.03665563813184,36.664102739502844
7229,25.31730987924883,39.88504295135565
7230,27.87259770691128,50.34915743639035
7231,31.844830679073553,36.80757234882732
7232,24.546028361761966,40.81581549136509
7233,12.409507866900695,48.06196207212313
7234,12.409511699030773,48.061960878634714
7235,31.83314025993547,36.78315483745742
7236,45.97240429567464,32.95446362971839
7237,36.562763062255755,37.05953082480181
7238,44.86506446264223,33.78728009675881
7239,17.29507653558475,46.74576585309544
7240,28.433255432006344,53.47298315353879
7241,34.85649768069836,46.42104459804401
7242,36.2436152897875,37.20214164147763
7243,25.257095349338112,39.555980323424166
7244,-10.617610536140539,63.16886907369039
7245,12.336211630212036,47.86374888086135
7246,15.635278610398268,63.88059722999717
7247,36.561626623285576,36.496303907627244
7248,9.76733660587603,54.52078424472123
7249,31.05643741299194,51.05466983181734
7250,15.75008165690036,63.98310575305911
7251,34.751265698251935,46.01626561540796
7252,28.62157057910881,54.02539467616123
7253,12.2931840932027,58.629021342261645
7254,28.16829352340383,53.00919021039104
7255,21.062719173241376,65.94895030541306
7256,31.397009455630187,50.78509919638515
7257,18.705125312905317,62.02542404289149
7258,7.278138396266528,40.88809890691404
7259,0.2875471602630224,67.68860208850387
7260,23.491123104693237,57.35423192483417
7261,40.45383724445487,39.56350588809304
7262,16.874719395464016,64.06494050381328
7263,16.87472001478774,64.06493590768135
7264,36.42966128018245,36.834552463733445
7265,21.06313930133814,47.08427586167313
7266,4.159663844805282,43.27233203278988
7267,21.26705419976007,64.55664322861476
7268,-1.2486436336208864,65.16175277092461
7269,27.117116668277387,39.29703370523935
7270,33.13489984366815,37.46352576434115
7271,14.769122288409447,63.92180566362225
7272,40.804614446633465,36.52584785006577
7273,31.969947228572416,36.79488874305225
7274,40.03336489432856,40.1921999395923
7275,15.792210084461479,64.2673175903866
7276,19.011192468271872,66.75693982933599
7277,15.579308644893002,59.39853841082602
7278,15.578653747027223,59.3975535532808
7279,-1.3107698883969396,64.68165279894329
7280,36.33418277651957,36.75439972841876
7281,0.020653398954000143,67.78985530407743
7282,9.468979919957425,56.56691612002879
7283,-1.4419970723461402,67.20278271293826
7284,15.42492004316933,61.86098752445702
7285,15.424929843058305,61.86099230080162
7286,31.9716907320974,41.634777348954955
7287,36.89588541501989,36.90203903436333
7288,-35.76431692880194,49.86627506858654
7289,35.84269909389668,37.14745833966944
7290,12.395935573517972,48.21619026556436
7291,17.296153542507565,46.74993718032457
7292,48.86916807662306,29.469513945792126
7293,36.25678287621813,37.09033808562558
7294,32.01862785389612,41.54297906750207
7295,19.113519389408026,66.88322664924475
7296,14.971852887844625,61.0866696552062
7297,35.708474665428376,38.59737376853049
7298,41.4077791989572,35.74592714090259
7299,35.48321188387495,37.57654456605556
7300,15.558840276596646,59.37919753895329
7301,33.261407023967905,47.29750541447421
7302,24.903310075848584,39.860743165948925
7303,28.656957876439776,51.172855058972935
7304,15.120983627174274,58.7168909975188
7305,44.28854776311541,44.34979688184939
7306,6.316733871100538,42.15794429989944
7307,-57.817174779707905,37.64609303554818
7308,24.255349287782163,57.15941112576959
7309,19.71405823463805,65.1338244961872
7310,-13.252594977620648,63.85309788371262
7311,9.555271697158318,54.920451664688876
7312,23.949386644046555,57.2886967836121
7313,7.417812528556979,41.41467009621797
7314,45.260122978751866,34.041658230513605
7315,20.767823958160225,66.18147895063541
7316,35.383598137889464,49.31744356874139
7317,28.15073152513676,51.55732264199307
7318,44.91630984722964,34.76386338653146
7319,28.74759968458125,51.04748343570951
7320,17.068013434453437,63.08195165600163
7321,44.98791419869144,34.242904124592364
7322,24.27011799618873,40.424894601895815
7323,39.67720254427985,39.96586479151852
7324,15.06710887140331,61.426894518138084
7325,9.850253173182205,57.14470222896363
7326,15.46061419334474,63.87107826775865
7327,33.4587410225707,40.01475679285344
7328,28.011344690142202,52.0980972140594
7329,49.292442269069184,28.756853337760635
7330,36.929015533337,37.46024413350895
7331,-11.99162689345743,63.478228224917416
7332,-3.0582799724190908,66.68913570818106
7333,16.931610231302766,63.477363771171376
7334,0.2787150087374418,45.98657455976732
7335,20.89534249514892,64.22461204556656
7336,7.537783651880009,40.51361578382289
7337,9.77102221632497,56.654735499163394
7338,-3.2563401488409984,66.47731569755277
7339,-3.6596406718090555,66.59906432113507
7340,-3.6596363897788997,66.59915371675842
7341,35.55171348194158,39.0756967476455
7342,35.55169694174065,39.07569311960654
7343,15.572847978655759,57.55223991891752
7344,30.44048475896548,51.275146739325464
7345,20.713614585107475,64.93814766893895
7346,35.449052149269534,38.96887910133903
7347,-22.164766994915453,58.72899286435513
7348,36.4438259303478,37.26776246967539
7349,45.30822247664589,34.17711873673896
7350,42.06987748006196,40.25619434575214
7351,48.97578287372029,29.839841834353255
7352,39.983747829269085,39.67653713374786
7353,7.477899233478273,55.36816127570359
7354,18.907015576623625,65.11700260738253
7355,41.415934439433116,36.315516577846346
7356,5.9791609480679755,42.21116234914746
7357,12.286097505905053,47.730444750555314
7358,49.0573870620858,30.06302317959253
7359,-3.565205873927587,46.5648094229143
7360,20.96337344340779,65.08049486236484
7361,18.913589224390922,64.84297061872348
7362,6.374001256353149,48.2626047249721
7363,35.6574636675606,39.48902232630075
7364,20.81644648254039,64.63682376670873
7365,40.23175749833433,39.31084865544945
7366,36.687397293444825,37.40182516287457
7367,23.976644552510074,40.53224555241716
7368,35.72087998757221,39.3907350578523
7369,45.09245309410284,34.54413777315316
7370,3.7339049265970834,48.993729425809384
7371,15.192088133236913,60.72057242949989
7372,35.02165980554158,47.97994345045163
7373,41.700241422800914,39.55763188548858
7374,-11.447958294212658,64.72054122795987
7375,27.891173285315904,52.69025562184887
7376,11.585678505929202,56.8618511521349
7377,49.08909798752672,30.007117429251846
7378,17.714062626477855,63.64599770809165
7379,12.690300958502547,57.36101313102064
7380,30.7437525766734,51.444499545325506
7381,36.445636267710945,37.68371042896922
7382,28.31632266163337,51.585469760620725
7383,36.36107413971286,40.482558833751966
7384,40.54070411669609,41.05303521990407
7385,37.58401845313449,39.20783280149281
7386,-13.606358446330107,63.96117309247305
7387,4.636785110812794,43.70749059574641
7388,36.26143316509825,39.443333540139065
7389,17.914796423739904,63.36370065447347
7390,11.367076889821936,54.6385175710858
7391,15.636638978427204,57.46655917528697
7392,11.138182303231268,56.72487770286006
7393,36.296388021912,40.583589692646086
7394,17.61345474570268,63.60704202542375
7395,17.50370894616422,63.6617990541858
7396,39.94474903215809,41.39956363925779
7397,45.78597908684806,35.31142584523744
7398,34.90086983617327,48.01712475645215
7399,32.951248487465605,39.63328451041382
7400,-26.245284274792475,32.217350607146095
7401,17.578217318238146,63.6197841658956
7402,10.189395691818321,56.809946004125514
7403,38.10003122911826,39.35752582129508
7404,40.490097007507735,41.30788755739366
7405,30.497727311719427,51.26685538763621
7406,18.305601357597293,63.40418295993317
7407,-28.49643679864255,52.79327387856782
7408,-14.948970201638035,65.58081275120506
7409,46.07577473859008,34.97733013863036
7410,38.27571733130978,39.49025405572184
7411,7.029975661115248,44.81241685929876
7412,29.384727249360207,51.1115325374058
7413,18.858590459894483,64.55287433130286
7414,-5.629527097332657,41.653050477430334
7415,-28.0661159723301,32.04104567293722
7416,42.014231671094166,39.99168882164274
7417,-16.096388158745786,64.21918486692775
7418,36.696134727802075,38.972877583071984
7419,6.044630586200845,42.65283057854186
7420,36.34484591200506,39.236073090595674
7421,36.36170430543947,40.34421330939186
7422,-8.794560985488527,32.28159463474479
7423,29.276105997379155,51.05932350880563
7424,18.382619412659782,63.53955532163115
7425,18.778837352679698,63.960133287216365
7426,10.943544311295456,56.59822724675582
7427,46.11691151066132,35.13760244276637
7428,-9.50431667354035,32.60857107781796
7429,-17.037686498241662,-18.88775267031232
7430,28.093372246683703,2.1323686564647475
7431,8.713196752748757,-51.18587715983651
7432,-2.699622562234845,-53.58411051841746
7433,-19.239651013001573,-18.034405606563165
7434,20.12587583582088,2.5535511421803485
7435,-27.729517123893427,-16.23380774889201
7436,-14.104658217488728,-34.490012332643566
7437,16.370123072517565,7.338272787306875
7438,18.53066298160066,-32.75903825325155
7439,-19.611299135094804,-20.3670986564361
7440,1.0549350748185442,-51.58588637318314
7441,-17.396339048716243,-31.50155555202484
7442,-19.452893103766865,-26.60726450530612
7443,0.1466480945512066,-50.190041090406375
7444,-20.263991033876458,-15.651689861759346
7445,19.121404979564748,-47.152496429677676
7446,-19.26787205857707,-27.063649935955617
7447,20.71673253198187,6.753934869157361
7448,14.184501260851986,-17.00211312837563
7449,17.922769777616175,-3.602350756999498
7450,-0.44368431413411985,-49.787719936941315
7451,-19.208093058462214,-36.75944800382677
7452,-20.45550296591644,-25.71190439024321
7453,-24.385171680379315,-26.6189200067464
7454,-14.091501220798857,-46.769105764731925
7455,-21.141974710196486,-11.925575056480437
7456,-20.442426855320036,-31.433265394609162
7457,-8.62556161961398,-49.764399832155775
7458,16.935312652883248,5.979599499288888
7459,16.447909553935318,6.464616112944722
7460,20.68951449823324,14.575057160795316
7461,15.94072114924866,7.496776415336024
7462,-10.703260101075367,-51.09606007514655
7463,-17.905673733566026,-39.23639397229273
7464,-24.753774154120453,-26.60285602051686
7465,-28.06355006179951,-17.65779962370085
7466,-13.270060014868829,-48.22886979578403
7467,14.051449337425282,11.081335858569274
7468,-22.146205859530596,-17.17198591981972
7469,-22.50535235653361,-14.127192929458039
7470,22.016797263142248,15.325165877286596
7471,-19.406663455118167,-49.35349463567117
7472,-20.74326608397497,-12.848551456629428
7473,19.742261158916044,13.85111323918075
7474,-27.014980054669312,-25.008017776784342
7475,-22.682167395284047,-26.17766669959688
7476,-24.71404937333015,-43.77329052502025
7477,-24.851339387340772,-26.698250151653927
7478,14.807584403548363,-0.5069371604113037
7479,-12.96156159828542,-51.7272887730885
7480,13.391191394914397,-13.133225718974154
7481,14.899483632087675,-2.50603513402339
7482,14.315552424228924,8.615254601360151
7483,-17.79191728911601,-10.250470374674661
7484,-25.21073903380686,-30.16081338158163
7485,-27.59686132255111,-19.135277413582397
7486,-20.3707316517578,-31.59753983382732
7487,15.384779413216267,11.5727061835566
7488,13.778320448967339,-12.475389093217814
7489,-25.31630694041489,-28.173233552470734
7490,10.075770477681877,-7.3656680617339285
7491,-31.603602581700425,-9.509354734221334
7492,10.541685603757697,-21.881898787176805
7493,-1.9096583747523763,-8.080999523075873
7494,15.54230945779663,11.263470173565965
7495,12.187965137959628,-0.23207123473833313
7496,13.69825588008085,-9.652459964814001
7497,15.280955331090237,12.081053601801433
7498,-21.0482693965339,-12.327455911930658
7499,13.821974337478407,8.101849826498121
7500,-21.026574356336116,-40.17432500726322
7501,-29.17317924500743,-50.69079161226772
7502,-23.17558185085777,-15.621884766630208
7503,-14.560477074607086,-48.46752916029352
7504,-9.325123000198591,-49.457733326103885
7505,-14.488477542074232,-48.35640071991374
7506,-17.210398518384373,-44.80619010629122
7507,16.620779167691527,-36.570773970483735
7508,-21.335733194569542,-49.42270217702993
7509,-22.9566507260803,-31.835505972326906
7510,-13.782682566850719,-51.20760671769049
7511,-23.3359779828739,-26.88613158718555
7512,5.31702077112535,-14.96544743637103
7513,-14.70731321388831,-48.98817641703995
7514,-1.3276634640804632,-50.38521704088868
7515,-26.496811731014883,-28.80603775133748
7516,-21.36341803394889,-49.43752023220872
7517,-7.548166578838695,-55.21733634005612
7518,-17.205331161190955,-44.849762028200125
7519,-29.25363351543026,-19.895866083898373
7520,-30.794796225761043,-4.812372588968313
7521,-22.4599553726661,-25.539681713221174
7522,-25.724919543220718,-46.178256411884234
7523,-25.105608533546278,-26.770893262385627
7524,15.116111693701662,9.708332970797661
7525,-8.552608919958738,-49.75509729443258
7526,-24.82038478661254,-43.71980813184449
7527,-27.385822753270418,-20.749234263212575
7528,-8.780164135461204,-53.674091688174926
7529,-9.659636984747689,19.304872256341717
7530,18.8852242593606,-55.15258206156765
7531,-25.97715885527557,-45.76608115799226
7532,6.963157533603489,1.3229262362275003
7533,14.37620452261779,20.499192879079363
7534,-25.192445251437732,-26.749230194479754
7535,-11.857507571458296,-56.07671187145365
7536,-9.85191086257169,-49.03958148996121
7537,15.405183525243162,12.114292358517933
7538,-22.33449130986073,-45.31402492188853
7539,-29.63595611715657,-17.24647412092144
7540,4.784161493415543,-13.300540153026533
7541,14.218575721786538,6.982988712098857
7542,6.703096749052582,1.561927758069657
7543,-28.61014532044597,-19.00793294974434
7544,-6.61338993871461,-57.14548747729456
7545,-20.456108190614962,-31.868173721655445
7546,-22.497565950413154,-24.94822570402945
7547,-23.6307264988026,-42.95743041944083
7548,13.402383749295737,14.151266618051604
7549,4.929708264769178,-14.259638044870375
7550,-23.586738659892987,-43.090425140523905
7551,-27.86284811618178,-26.602539925790854
7552,-23.349542597076812,-44.330457185384
7553,-29.241208542619464,-26.733330111789698
7554,13.92424849684579,-1.2421985523005907
7555,15.042687006833772,9.753160908487994
7556,21.899816753965364,15.515131883225674
7557,-26.276182602798816,-45.568458591604916
7558,13.758031377093847,11.14670933798544
7559,-9.812517062977166,-6.184409000341626
7560,9.492136951515828,-8.010153494454554
7561,-22.382517133081066,-45.04678367316212
7562,-26.706798247707756,-30.663645880165255
7563,-28.748885530664978,-19.121191262772033
7564,-22.417536656957303,-51.50648348618339
7565,-25.318706924837652,-37.25201389230625
7566,6.938765687093246,1.1506942966422262
7567,4.646198164141191,-13.400886657783431
7568,11.728510294217367,-0.24558098030937428
7569,-11.286005164129163,19.643705675851237
7570,-14.178543107460046,-56.643993781148666
7571,-2.7306073855182147,-8.051152653682252
7572,8.597361813052851,-13.887408156990261
7573,-28.698820490426105,-19.032287799716165
7574,13.782285406037392,1.48782204794044
7575,-29.20384953560834,-20.039132971034256
7576,19.98735625891256,-55.52965334845386
7577,-25.734158131228803,-46.64407120312529
7578,-11.443274077273857,19.621104563980516
7579,-47.58489281356119,-33.137561571142655
7580,-31.589154746786267,-16.798595985709717
7581,-15.379767381770597,-9.21518479712486
7582,8.168593314027573,-19.658243026294148
7583,-12.877718453504524,21.72526724058264
7584,-21.129551489082598,-12.121654254442984
7585,-29.540968138766978,-50.79196675451501
7586,-32.29902086007337,-12.00656359149542
7587,-22.145864394000757,-52.10727393159002
7588,9.68955533429051,-4.80957292580551
7589,-24.670401814518907,-48.12111698970221
7590,-26.79418917821239,-45.20295444598276
7591,-12.066807514247989,19.814859129079665
7592,-29.921651367770334,-50.87522859209689
7593,11.229005015308381,-12.944539715700818
7594,-30.451475977351787,-19.95665630989265
7595,-22.558086385961552,-31.518467571701205
7596,6.756481088604295,-12.920335197342665
7597,-27.2778886380248,-53.71335416077994
7598,-25.725856231763313,-47.591899585939075
7599,-29.63018577624563,-28.1159345587311
7600,-32.45051860273465,-12.124955570215754
7601,10.861106011095131,1.1255555403800634
7602,9.726516211184927,-5.2099264119049264
7603,-28.71022931478788,-39.29375697183711
7604,13.422309901579899,14.427030653790403
7605,9.4610467951563,2.5836309786516107
7606,13.461820926754715,11.28825012351534
7607,7.837758361042326,0.35259233612191493
7608,-28.770694308738413,-51.392633334857074
7609,-6.626577882891977,-7.123358236797849
7610,9.225395887568814,-20.21145753264262
7611,12.992434874447781,8.46495390382291
7612,-30.702687050687796,-43.87411681411711
7613,-16.70462656002465,-56.3908148091473
7614,-49.25691779511071,-36.73011262244719
7615,-14.537437248703743,-58.095154462682004
7616,-2.862935380217807,-7.992493391973701
7617,10.283920506817289,-11.988487773476086
7618,-29.077596770687954,-26.38455750312471
7619,6.553540432474597,2.42180733424867
7620,-27.345183668998875,-44.64950458308717
7621,-2.710223147399175,-7.804862576959991
7622,-27.809381615187238,-52.76266123299092
7623,6.845970963259502,5.257378903311029
7624,-28.914526368292684,-39.460700145601635
7625,-9.541576918142615,18.593287795074627
7626,-9.71214729458071,18.39763796934657
7627,-11.971325167390244,21.4285754815949
7628,-29.923284697599943,-17.202144608237905
7629,-47.76732142043609,-33.312609882964175
7630,-47.701966204989546,-33.18824438958194
7631,7.210507397749125,-4.106604685818154
7632,7.277286518510111,-13.259498458487334
7633,-27.777700591088585,-52.87276112225862
7634,-24.718502928102232,-46.64268039330402
7635,-9.433555297332894,19.32065139191276
7636,7.283539558593859,1.9444421907722549
7637,-22.937279120792073,-51.43683774130475
7638,-34.34341607481896,-13.352427045588536
7639,-28.456846988835572,-43.86834361436095
7640,-31.462202942944575,-46.54299890544958
7641,-22.27129386000397,-52.02628523172284
7642,4.8921225355527875,-13.614621091430472
7643,6.71904514500458,-15.858029337952544
7644,14.167164045811907,17.31597318807214
7645,8.990909253474515,6.914325304263108
7646,-25.319773169905037,-48.16454403226394
7647,-12.416147803869151,21.565487908782917
7648,-28.19940886148073,-36.301596061913486
7649,1.226603553669367,1.6933667600188003
7650,-29.099398422196238,-39.695960010421175
7651,-28.877568428573795,-47.760556095333406
7652,-12.214335519644381,-60.7697038246437
7653,10.630357294825624,7.736498998776802
7654,-30.030789568542733,-50.58461379851966
7655,-33.28430688677063,-9.343674910346202
7656,-32.358646208444505,-11.746156402803038
7657,12.761499329296642,16.66372758227874
7658,-29.423884180474197,-26.608776588504604
7659,-27.599360792430634,-46.09784404276703
7660,15.57829534700474,25.29581573531699
7661,-32.24069337169815,-11.692094109890657
7662,6.7686798871779486,-13.668073671686985
7663,-26.328731737790914,-48.11622839743494
7664,6.453796355866053,2.2133458973644293
7665,-24.157587568208008,-51.718910373511086
7666,-11.842760484393908,21.180963270279662
7667,-14.595304369965312,-56.81603036551877
7668,11.46582122686085,9.179567661083684
7669,5.738091208357456,-8.174986213803376
7670,-10.724361106295296,18.711705565734746
7671,-23.642226590484118,-49.7067153803532
7672,-30.853623209913625,-44.28381865506925
7673,-38.459357928977255,-19.668802562566984
7674,7.65747736371179,-2.8641801883068934
7675,9.072924275102752,10.015001883690521
7676,6.5050251852556435,3.2680369246362755
7677,9.364940441376172,2.5593175512827733
7678,-38.549282993286255,-19.620910404775113
7679,6.40446945695237,-16.394112326936686
7680,-6.895644409257168,-6.824454166446011
7681,-24.228854482798745,-37.37529654479379
7682,-36.47225810415946,-21.851913289702775
7683,14.051155069154607,21.65899549047489
7684,9.163905767042207,11.15339934240092
7685,9.176801967337203,11.134171739332952
7686,5.7616478308442165,4.4737950043608095
7687,-24.318588754029157,-51.4215115489641
7688,-27.372482508744476,-51.18564272757408
7689,-35.06319226320576,-47.015290569214386
7690,-27.56170429597316,-46.712082624526
7691,-36.77985049499597,-24.157597451519067
7692,-33.41040942314642,-22.93447749777751
7693,-36.4220091739783,-21.968990801701594
7694,-46.89588374900692,-31.214159839764733
7695,-26.574807076120525,-56.18222722272852
7696,-10.582258157695641,-60.39782785004327
7697,13.974051024458216,20.930374191114574
7698,-25.95765142951332,-37.80281069228726
7699,-29.5890622101387,-27.420523589161355
7700,-31.92124905690922,-9.451313588817454
7701,11.440360524050273,9.565776020035832
7702,-9.94222787846886,18.251722860850467
7703,5.7435604868033465,-6.297968321877167
7704,-48.00884702397964,-33.414838325848955
7705,-26.171168331225864,-52.55878263782982
7706,-28.8119890938892,-30.072092908359966
7707,6.86809086699307,5.372540417153266
7708,-9.248391179320805,19.24085836084399
7709,-36.254507274319,-22.39368084721676
7710,6.660640111052195,-13.924043974181815
7711,-30.659672222785197,-27.989908909183445
7712,10.646497105390225,10.645071040475507
7713,-33.38869724755818,-12.767148531873122
7714,-30.772672180860127,-42.83671764963457
7715,-16.637980673198754,-56.37060886864955
7716,-26.175123762432506,-52.4408464667408
7717,-33.274144843940206,-22.662776706110495
7718,-25.598993395443905,-56.36879053078716
7719,-36.92207385571639,-14.878213455180138
7720,-28.49307330009173,-34.81330916108045
7721,-30.749634036015472,-44.5226890084095
7722,-34.58290095511272,-12.065363783878427
7723,-38.550272358608396,-19.28212697800337
7724,-29.74869920813073,-46.9612053690175
7725,-41.30386004399869,-31.788578492142296
7726,-9.793072457762245,21.726766161284615
7727,6.716396460339738,-5.077879760162069
7728,8.480725474768528,10.131505843309476
7729,-28.475135153869438,-47.98537008352646
7730,-8.856076797870212,-64.6590939723216
7731,-25.88168131770616,-38.16194783210484
7732,-30.591490368799963,-44.73390519830767
7733,-9.394342891005277,21.674464447767363
7734,21.240362236361527,7.300751835328087
7735,-10.538637490266304,-60.35424554125041
7736,-19.94482789470102,-8.333823652321367
7737,-0.35529235060758135,-7.254293608254334
7738,-31.64938276713263,-46.39911781694238
7739,-47.378818075632715,-32.0497742027763
7740,3.7995538229059114,-12.011248200488897
7741,-29.13837460526532,-34.3721737128563
7742,3.452130144070393,-10.737246949588636
7743,5.29143260628561,-8.014927957567798
7744,-48.88346141244267,-37.028229358629666
7745,-27.948951128014713,-55.15012694087936
7746,3.994845428708478,1.5434412760921314
7747,7.664966040978447,-18.713276893355612
7748,-29.954087236020914,-36.43208075398293
7749,-34.71873768438475,-34.80994027684783
7750,-44.978358804949835,-31.03542731575276
7751,-31.4474908295883,-24.085035082982714
7752,-9.36994003289,21.582663090538468
7753,-0.006596756242722707,-64.64684381474845
7754,-38.453122018790914,-18.405425464672398
7755,-33.08757060187871,-23.990680776282723
7756,15.574319551354387,25.309944768192857
7757,4.903566681338987,0.3038730651959991
7758,-44.9998188105612,-30.213499179114688
7759,-44.70171822035733,-34.557197700180524
7760,-14.491827820405152,-7.459626052622509
7761,8.900768160793035,10.11797598733371
7762,-29.854113945416497,-47.35706482117501
7763,-37.09605237734118,-23.654535213224268
7764,-28.87087228032721,-52.78970591628788
7765,-28.919213028221627,-3.7450385647536035
7766,-2.286929749546254,-6.448716776739749
7767,5.179601409536401,2.6925968554029858
7768,1.0003769289416384,0.9018447088488586
7769,-37.21680366828908,-14.978060827216742
7770,-28.3234103388833,-41.91458416346946
7771,-28.553132218292422,-35.129737105230745
7772,-19.33821766809264,-8.446956952902534
7773,12.28990631598995,19.77890478791879
7774,-25.921613236255773,-56.36951339100312
7775,13.96715243951789,17.10671776637576
7776,5.592239992427565,4.506993852126023
7777,-32.94530756372166,-46.64434327729639
7778,4.988915904295442,0.44962522432166063
7779,5.658967156350028,-1.5073989715599079
7780,-35.15232440164511,-47.093727258106185
7781,-48.27073693565968,-36.7607999798236
7782,8.669463871860277,10.563138540232213
7783,-47.11215682655605,-37.3609910190973
7784,-25.489468159305694,-52.23073018042136
7785,10.705237442040504,16.895939803642804
7786,1.0737812201353507,15.663615480462356
7787,1.0625294961786464,1.4062425889123615
7788,-37.728656591141664,-15.874144525394394
7789,-12.742842060592123,-61.668854320130464
7790,-0.5490895842066361,-6.753183393456533
7791,7.8531485896796225,8.343900750152416
7792,-39.31609526441894,-31.36266520300707
7793,-33.53851951863991,-21.97357985521094
7794,6.928187708048752,3.5990598396814986
7795,-30.91164896329166,-27.822759614259258
7796,1.4540009290926783,2.4730443680665104
7797,-32.84963978597985,-29.474595015209154
7798,12.194086226925606,25.304663497442586
7799,1.56651500512918,2.550423802895014
7800,-44.52421765643806,-32.493596939018744
7801,12.402078013186557,17.92917686961481
7802,17.019875511325154,15.52749978271512
7803,-1.9435915425675672,-6.903570239098457
7804,-15.362519803009807,-59.8444961007201
7805,-29.95637995132547,-36.35997458115783
7806,4.218209937187076,-13.116837761164664
7807,8.917562944214772,6.970874067379744
7808,-47.492309083769165,-32.936849828649216
7809,-9.212136676226521,-64.39355300054045
7810,-6.88902646014945,-59.50394903520772
7811,-44.79514125181477,-34.44762612036759
7812,-29.41052679971645,-34.71802229180125
7813,3.267745275105051,-10.985997055760368
7814,6.279164375568029,-4.289019157150039
7815,-37.47086255179823,-23.73665005581878
7816,-13.606141859984028,-7.813954644595971
7817,11.888128515477813,16.668033622228915
7818,-6.283168631073373,-6.711947939705173
7819,6.112615457881284,3.470295116393719
7820,7.749034837671976,6.512701349828645
7821,-14.835970540554664,-7.035736070284847
7822,-29.311185963624915,-52.22208393760609
7823,-15.3584852503922,-59.9175844948942
7824,-35.69344097000348,-11.257252052045917
7825,10.956084945878377,16.23350763953307
7826,8.209695690600975,7.457316471502228
7827,1.296218700109079,2.2715022552191324
7828,-16.48437442692709,-2.9498092743081803
7829,-12.019148981713865,21.71530820591152
7830,3.8878120458824705,-1.9090693551846543
7831,-38.45570223781038,-16.61535178234415
7832,5.463785256972107,4.772455414421087
7833,4.639114508384926,-0.026996894648322386
7834,-36.61192428885033,-22.508811682815015
7835,-44.78938741971251,-34.80492501988543
7836,-30.580002903193446,-39.07751633109488
7837,-34.03724853913983,-46.31042211784388
7838,3.912126771074469,-2.1078860632668044
7839,3.753952572169109,-11.930599943296912
7840,-28.90311624260315,-52.94052913161125
7841,-2.5880002951462484,-6.70588529502264
7842,-48.034919866145586,-31.427605632834304
7843,-33.397360473175524,-23.910674525933704
7844,-8.971786816392989,18.192851940402527
7845,-32.52525647542231,-28.52003421176122
7846,-6.891733371474709,-59.483410066391755
7847,-38.65203774259008,-19.642096262929748
7848,-48.236706683468974,-32.70606344745652
7849,-9.069677673254018,-64.50694929428082
7850,2.500823312422998,-4.903668277781648
7851,-33.36015695723497,-14.047976206760874
7852,-30.086639044236872,-47.72975463310532
7853,5.952371241865696,3.587925339390269
7854,-30.57244933189531,-38.2755272543753
7855,-34.55015313315968,-13.3983367360742
7856,-45.08671590682187,-29.587409358934597
7857,7.37303445956721,8.182735461316959
7858,-9.057602530249424,-64.42917316788525
7859,-9.197366225341286,18.265149060363072
7860,-2.499848266689402,-6.663564130692244
7861,0.9207307886966617,14.459092544922429
7862,13.693996934548045,21.14053189063097
7863,-34.492677340784276,-22.76023916498196
7864,-16.544556761996397,-3.290965559212306
7865,-41.29959706612779,-31.769197101786048
7866,5.908205818663768,-5.689707749744194
7867,7.295489613706168,9.832534269212264
7868,-15.437218918868227,-6.5852890163034
7869,-33.84328231292952,-22.1209189139259
7870,-46.56588598698829,-32.14201149033991
7871,-12.442720553447606,20.111982209790373
7872,1.0115547149200597,1.4967510167152267
7873,-17.136678992021178,-57.37596164959967
7874,10.040303170212553,14.174343137970515
7875,-35.915802902518024,-23.26523223331282
7876,-26.61798115606513,-38.89681653075928
7877,-30.62796481415416,-38.907582921527535
7878,6.298274567152301,-4.091100889958272
7879,-34.28112380128863,-34.84819545098592
7880,7.992773905609917,7.904383031797125
7881,3.541718200030455,1.5514470928796456
7882,6.117395370015727,-65.2733249346941
7883,9.844015913933838,17.548767775459527
7884,-33.90797334775461,-22.32832638450573
7885,-45.25080858439102,-28.922189956348006
7886,0.9944315504485235,-9.468285539000941
7887,0.8982516630047453,1.1049316766784372
7888,-33.548812742276425,-23.09167264093255
7889,-33.86160157286587,-8.914557975181918
7890,-31.311443677773287,-28.221206107048747
7891,10.837872693355083,15.973309048927902
7892,3.5860726779360412,1.5875999471630071
7893,-36.077731971199235,-11.055109093589712
7894,-33.72362976118644,-46.447991752022496
7895,11.02893419965445,16.321795809682722
7896,2.790814022409146,-9.352416925004537
7897,9.690879053650127,13.219339200502034
7898,-35.543656789353264,-34.74037944619945
7899,-29.441494648506595,-37.76660384989727
7900,-45.77549970352551,-32.60878122118233
7901,3.1019212881945992,1.8252464887274282
7902,2.069683863168321,-11.50335596608735
7903,0.9271144595842439,1.9520748996891488
7904,-34.82342431564801,-21.72864371211069
7905,-29.57415127286683,-36.62725341432087
7906,-36.66288955857229,-31.699506184857015
7907,-27.646089117240617,-56.27952194290379
7908,-31.03260599530625,-32.77885420836409
7909,-30.24072497805587,-47.802891996560184
7910,2.842479904263533,-9.69127012914093
7911,-43.40201214248702,-30.408764093496877
7912,1.530237212976429,-6.83990245037473
7913,-48.02614867781098,-34.50399346951448
7914,-41.35365212976579,-31.848325597173147
7915,-38.76182121689832,-19.497136336775878
7916,-33.06195984782647,-46.90586170581502
7917,-2.948111406558769,-67.20443291391628
7918,-33.603282789341094,-22.534728934079887
7919,4.692189965017522,2.5856162853899414
7920,-29.580970568662963,-34.39617727646042
7921,1.0756063723369722,2.0618265974940706
7922,-47.10057058792601,-36.87091617273794
7923,3.9013051506320924,-1.062921023149025
7924,2.357441613900385,-12.167361544396583
7925,11.906208212239353,24.73578266110969
7926,5.9014557608792515,-5.666860879757578
7927,11.807950998378761,24.497265313256968
7928,10.031162174041095,18.83111721860029
7929,-33.60593207615106,-22.071061268152672
7930,7.475746673640915,16.606368812111537
7931,7.522358661769995,10.476826953905846
7932,-15.722035302135078,-6.227942843301395
7933,13.143324435820455,20.49126912986573
7934,-36.46972719246257,-25.945235261920462
7935,-15.417224190974093,-59.83031946402741
7936,-5.778641289372007,-6.623270142775954
7937,-37.40633330214526,-23.706378918209154
7938,-44.94362149528842,-32.85522641472376
7939,-8.68633536169073,20.945601556645205
7940,-36.48658713866078,-22.627240062537773
7941,-32.962228869708646,-46.80125478521398
7942,-33.36558672947901,-46.639255280149136
7943,1.7968639822518335,-5.673588199734107
7944,-44.75058856466546,-32.81481524767133
7945,-32.43667493256604,-52.092992293317074
7946,-49.655131513694855,-31.458930326600367
7947,-47.54185502818938,-36.27195500329415
7948,-38.73425448590791,-17.441860392307962
7949,13.77127739360745,21.53324648435415
7950,-33.564239959076104,-29.555576056697344
7951,-33.62521653591307,-29.48599674375321
7952,-47.606790830164606,-35.833876196110445
7953,-50.12478857274357,-31.89864674780598
7954,-31.037690400191106,-33.98548841798278
7955,-34.65252173075899,-46.4031464060753
7956,-48.17563989466383,-31.942952528751213
7957,-47.19222472579354,-30.258557084544318
7958,-32.98199882235109,-46.69289243361555
7959,4.989926484707539,6.946467713015477
7960,-31.93802781215038,-52.58666862996501
7961,7.63798033681129,12.047050381257922
7962,0.8295423710521425,-7.74345294807525
7963,2.3687015872260515,-12.310468497159096
7964,-37.51976859661655,-8.718638995514365
7965,0.7286884980267416,14.151733355462307
7966,2.1009761736570916,-11.635317555908895
7967,-43.300522190883115,-29.676143083524234
7968,-26.821115620079826,-56.561770001717555
7969,3.0313016883666255,-10.551828710234743
7970,-34.6557294918662,-46.34123529308679
7971,5.154406289776751,10.025989771235004
7972,-33.57221344490602,-29.596859320468333
7973,11.204952735165346,25.07400729006026
7974,-35.044609252655036,-10.269173578833085
7975,-35.76817833417887,-11.428000500178204
7976,-37.609321682918576,-13.959953521971215
7977,-38.45980152656482,-30.951660306228163
7978,-34.043053670549874,-24.958641271989325
7979,-45.9389620615925,-33.11409093447567
7980,-37.54870755461398,-47.304960298000886
7981,-31.882810428291048,-52.65383647007777
7982,-9.0561433071782,21.60798782425124
7983,-1.4724016192348142,-4.5345303088844044
7984,1.6260422367181495,-5.74835047381539
7985,7.175116514656629,11.703710503016895
7986,-35.168814653738664,-21.684123993458723
7987,-37.93563689669581,-15.146074948924914
7988,9.964997286965827,20.872201821034015
7989,10.026825628995416,19.186071553822668
7990,3.9808488992283717,-4.840331221304922
7991,-5.985559397880822,-6.612049266019622
7992,-30.117485620811426,-51.261211891198016
7993,-44.80968617851976,-35.207981964625894
7994,-27.798793179916,-56.51369607605226
7995,1.5808860756023912,-5.9246488863634275
7996,-38.734465944583505,-31.396610633180064
7997,-32.657467011153464,-26.57793222283819
7998,-10.118305763532934,-4.680153950659932
7999,-44.6185913408897,-32.62902686767316
8000,-29.495293866535633,-53.96741419281422
8001,-38.79571077299966,-48.25186969356179
8002,2.5342623452240334,-9.507987827769467
8003,-41.431495112508365,-32.03560491151269
8004,-47.52371222833353,-36.359375325969836
8005,-47.83584034394523,-35.16936843684557
8006,-29.205917628919146,-53.366227787006366
8007,-9.514744754156183,22.278790720959737
8008,-45.71175367091542,-36.47469864495372
8009,-0.11271351272767237,-5.333716525783293
8010,4.767491206907048,7.572929488722634
8011,0.7189276769630915,-7.608887499466603
8012,-32.90692705982355,-35.792412369710455
8013,-32.979188431208016,-47.44711318098874
8014,-48.966374402322515,-34.2303145970812
8015,5.325405902954063,-4.414433589878301
8016,-8.059979591081648,20.725694078705956
8017,-35.61927036361966,-47.03054184029746
8018,7.881903100891955,12.221556267711112
8019,-38.276238555028385,-30.69404363125097
8020,-44.903257892719125,-32.0689327589569
8021,-37.7433823319968,-47.41029851690868
8022,-46.04377515025223,-33.106926895223765
8023,-14.846942659577508,-0.15681662388225395
8024,4.626147627767335,7.450798319401093
8025,-48.97531161761778,-33.88674806166427
8026,-1.4862156588441024,-4.5739596510234755
8027,-9.79444139679303,-5.727037737224874
8028,6.833172705769304,11.641609595657899
8029,-31.673965222030066,-52.737275449831635
8030,-27.24524217775785,-56.83392871313377
8031,-37.487410051867116,-8.835343296500438
8032,5.105102564766077,10.088062379783466
8033,-29.14638984414437,-3.361413403558925
8034,-45.63542589837809,-28.335831159165494
8035,-37.251933586602206,-31.185258097528248
8036,-35.23686108475046,-22.286316562761243
8037,-48.971442089696865,-33.946997122875
8038,3.346697230729151,-60.795537136135046
8039,2.598873767314813,-9.104305257383485
8040,7.439494524884112,16.709508593895084
8041,-28.977529161528885,-2.774077261541788
8042,-33.060017026137416,-26.40606455403665
8043,1.850916643106251,-4.564829321129853
8044,0.9585304690265478,14.508977378629094
8045,-36.92299457855339,-23.221238360424753
8046,-2.9227430856116827,-4.912328277901906
8047,-29.04784575079066,-0.17237745778481184
8048,-36.45943909779749,-28.714470590485107
8049,-3.4308056443267034,14.66454703725865
8050,-47.54232754745451,-35.826343847170186
8051,-40.02199718887986,-13.486369017441465
8052,3.2667428155227443,2.6368468002227403
8053,7.473909553912579,16.97859032140802
8054,-9.296101348219219,22.205929533105884
8055,9.671760022844794,21.029104767140883
8056,4.45466954960186,-6.75000432712487
8057,-44.66668362939774,-32.76645670337934
8058,1.7326853416000967,15.231071811125828
8059,-32.997426514765024,-26.49978919754608
8060,-47.56445010085814,-30.518721326258973
8061,-10.564736298165002,-4.44587006267429
8062,1.5389475180877619,15.220376278677456
8063,-12.930791564508297,21.83903586098786
8064,1.3046699149713035,14.521454266628533
8065,0.9904019661251715,-7.036478839818034
8066,-15.521687595116,-1.2707633627473136
8067,1.6606761715885459,-7.029271489726405
8068,-16.03599851112022,-59.58956615889998
8069,-34.60655757584991,-9.2754283235792
8070,2.9157458332361026,6.682423026738668
8071,-27.81495914930797,-56.55714983560274
8072,-37.612717838407576,-32.76583980968293
8073,-7.589373161040224,-6.671438974748793
8074,-47.473639032427094,-30.096440668191352
8075,-37.831749852769,-14.816964183766096
8076,-44.385074882377104,-29.18187609442105
8077,4.325742865027871,-4.736896253595511
8078,0.9382354339264848,-9.167326975585382
8079,-35.209584883403544,-35.424626015015804
8080,-49.866736270294666,-30.925059916939684
8081,-41.00344380016868,-48.69226222925636
8082,-39.05780485518812,-48.204643604611164
8083,-16.315159114818634,-3.2601530794104785
8084,-44.267777270503956,-38.721360000438736
8085,-50.516916042018195,-33.41226967018366
8086,-37.14804465058471,-28.063961386582605
8087,3.5141629199679723,-1.5515680909690972
8088,-34.615874019168444,-9.127763365367121
8089,-49.33234013564916,-30.664551275652105
8090,4.714725623724909,7.243803854682191
8091,6.383930467990048,11.718075915849017
8092,0.6637854759814419,-5.82948063854895
8093,-38.78171956962005,-16.578650759173307
8094,-12.548986103839248,-2.381719398606916
8095,-47.67957327892304,-31.11170365228761
8096,-33.75859355168607,-7.691162680928989
8097,-35.845218370409626,-11.011158362614418
8098,-33.07447186272009,-35.51020648504513
8099,-27.096681339590635,2.118512087750595
8100,-7.0673947502270735,-60.11781365908102
8101,-15.840607029844692,-1.3877334186160606
8102,6.65329710286507,12.436943454632667
8103,9.354686479168535,27.164463190821245
8104,0.6507359720006347,14.04684112197714
8105,7.788307580872765,17.092088704847104
8106,0.6794771317922891,10.597045902444444
8107,6.79457350683566,16.283628209814136
8108,-50.13788667533515,-30.520371025339056
8109,-47.86645776486362,-36.94265748688032
8110,-36.52765532404437,-10.845335236959524
8111,-44.17938652455247,-34.34937173153896
8112,0.6085669490881296,1.9692073287574805
8113,0.7530990653735385,14.304973264329961
8114,-35.18217748113809,-9.987365752551431
8115,-49.594051505850146,-30.64455454499543
8116,-14.951645654179913,-63.30993654770946
8117,1.0900542022015747,-6.70540002679743
8118,0.6830187154625933,-7.749769472462754
8119,-33.520103369646435,-29.61542968205489
8120,1.629868523772009,5.659542634396579
8121,-40.11819691195988,-15.53474042632092
8122,1.7139863164941416,5.191827049042653
8123,-39.22397089189979,-46.13053817955372
8124,4.522008487183783,2.708343545486115
8125,-34.23850258121713,-38.78873752789111
8126,8.13302722618404,15.382046413313217
8127,-45.3339173586857,-27.954863312608488
8128,-33.86876032711811,-7.3794718524463905
8129,-33.26611578224076,-34.02127163631175
8130,-16.03837229522471,-5.395174242578941
8131,-39.06010288135821,-17.089311735723186
8132,-34.325523938628905,-38.93595385346757
8133,1.6870984848986705,4.5862657809024086
8134,1.297743381788659,43.838925432184205
8135,1.6774915429230235,15.167585747373117
8136,-47.38145004972513,-36.10251683467146
8137,-39.9648852157857,-46.469515884682075
8138,-11.307894916979029,-5.117297487061018
8139,3.9875325217838875,12.004180357169549
8140,-16.132152093375257,-2.0013910751617017
8141,-39.27152500862495,-46.15893686943282
8142,-32.20333473368601,-52.43470866618605
8143,3.683172181041679,3.0166053619773114
8144,-44.64070403101244,-35.12879705598569
8145,0.9973052753080145,14.250527432337787
8146,3.89500088968767,3.051651465821373
8147,12.300793246892106,26.27187221088282
8148,-14.926061201489002,-0.30114428303890783
8149,-39.69403342051633,-15.51713897868821
8150,-3.5199809115314578,-6.365320990763363
8151,-29.227009930853736,-55.19288190264999
8152,-27.878596645075028,-56.807071178244904
8153,-34.96138569572847,-35.006277919896355
8154,-15.751073184468451,-5.780669075145618
8155,-9.922626349187876,22.454179174808637
8156,-39.57221734269347,-14.528713588653046
8157,6.176733704614014,12.013154186822492
8158,-0.2156811339834014,6.019723334910845
8159,-34.127984587441226,-4.971595711661854
8160,0.329600469269206,1.9918998847597895
8161,11.485086677937455,25.974564420811497
8162,-0.006863950576614951,10.803460682315082
8163,0.7332298348189945,11.056683364928071
8164,0.5879698692390516,3.244695472585451
8165,-40.935884051400905,-16.95546791531915
8166,-31.36993056680733,-35.31746257547322
8167,-34.68705294508941,-9.194984588112842
8168,-38.03056931069289,-30.787023935626806
8169,-44.30099841991467,-39.00822803738601
8170,-46.86456692583491,-37.47056694164053
8171,-0.8168195884964053,2.2456554015125225
8172,-40.595968354747924,-19.66456196057246
8173,-38.790118916589435,-24.715333133289853
8174,-11.564355950529466,-1.3823806331077515
8175,-3.112170900506808,-2.8931107184414153
8176,-15.704521698665399,-0.24078793706034618
8177,11.055969345821323,37.3788196213803
8178,-40.533674502632294,-16.306848891356328
8179,-34.20373480939979,-39.87723378184801
8180,1.3416058670510909,-6.591364309854142
8181,-3.446292414382083,-6.342918391413508
8182,-36.46233505735763,-42.95691423330794
8183,1.8671653616040027,-3.758615206526621
8184,-27.11382329975313,-57.10350032838101
8185,1.3662318872197157,-8.157850066771958
8186,1.4207924239205725,-1.5408303419042024
8187,9.60027589362751,17.904645121497648
8188,-28.667080713036352,-3.1033251415938516
8189,-46.58619215310058,-28.776825953559293
8190,-36.822778636416146,-31.696376813742813
8191,9.340363573367277,22.295509879332354
8192,-45.95587289414694,-28.65337255692534
8193,-32.69390902725856,-36.05706525644134
8194,-37.10238261196582,-45.76144771088373
8195,-45.84408183843232,-27.785160301452756
8196,-38.61725125245838,-13.952107126012226
8197,-37.49264083913061,-28.7326846818638
8198,11.884523850479754,22.391483364153515
8199,-45.78004975199699,-39.06515338405877
8200,-36.514836795115826,-26.216320970042137
8201,0.21721404171681877,6.565018817679829
8202,-0.3431446887171011,-3.6438994037839043
8203,2.252745437696507,-9.348071810304752
8204,7.4521411835481395,17.221517248296397
8205,-20.495540021697416,6.182524799732401
8206,4.87999451798212,10.552371072030907
8207,-33.1732901925212,-35.478247848538466
8208,-49.24341332941358,-33.16917123388537
8209,-0.2860392180514278,-4.704580778316936
8210,8.976601404998076,21.420928379780477
8211,-33.00938640034192,-35.91177489318306
8212,-17.2102348065988,-2.866546967148797
8213,-37.301619520666094,-28.19712434880834
8214,-39.502934036846405,-42.86052424147326
8215,-37.040343088482906,-30.697871525703487
8216,-49.381379583247956,-32.80592598295324
8217,1.1785591520361072,7.19489899387121
8218,-38.55272576732083,-25.399977571604683
8219,-0.48833445694450406,-4.049714291663978
8220,-16.406222608906106,-3.3932317439585584
8221,1.502066861927968,-1.0480692117494836
8222,-49.67572803845351,-30.599917607814525
8223,6.556659959608095,15.239706276265009
8224,7.218653386056152,16.902959697908987
8225,-46.22717709280133,-36.18083143768748
8226,-38.620427576148494,-11.504250503640288
8227,-5.746306545440094,22.592590549022294
8228,-38.51636981028952,-31.75684110420679
8229,3.191553913772313,-2.2637493991012274
8230,16.720889790716715,-66.76021258945313
8231,-38.71976334921488,-11.783835120952121
8232,-14.966103804719033,0.0613888403681073
8233,-39.14699890759541,-47.30264922706781
8234,6.391447913818634,16.107664140888517
8235,-1.2774074938726507,-0.6028408366582726
8236,1.9133358823531523,11.942055087224999
8237,-34.23999986298314,-4.8326216184367174
8238,-1.8299425546746166,-13.437295197412366
8239,1.3152227658901705,8.69628748189557
8240,-34.34112978334416,-24.82949944730182
8241,-21.539434756064477,7.427723845225334
8242,4.748020746395658,12.702034877370826
8243,0.8051003856883724,10.96324792524357
8244,-11.748133333436453,-1.733287700027956
8245,1.877206986977317,8.814186995462512
8246,7.519546501327878,17.322754121698637
8247,-51.0505630157572,-32.52569800140874
8248,-39.245730741273135,-25.034803431770868
8249,5.900350565136808,11.224386796225167
8250,-46.959308790516445,-35.89380795387712
8251,-39.20796397800428,-24.652584282725776
8252,-50.47834489646347,-33.163734031360576
8253,0.40390177267183575,-10.924182759109899
8254,-46.81722029334307,-28.12860058250769
8255,6.731935008115781,16.481166718883184
8256,-14.235599180675171,-1.4413266235212918
8257,-8.586228584323573,21.500317652079023
8258,-3.3623437814490504,-3.0120816801702137
8259,9.097947280601987,21.5210045871916
8260,-39.282869679615416,-43.00798152040176
8261,1.4057527513499732,-1.5288065062867504
8262,-34.33179833055269,-37.75382812930697
8263,-50.80327244933571,-33.857769502775035
8264,-20.887977050983054,6.1843762773689885
8265,-36.476582101483814,-28.58048284037527
8266,-29.42507874628675,-0.6464866034308958
8267,-32.16258949127995,-54.17687503932585
8268,-48.926087858624165,-34.06711900977479
8269,-39.70751508605033,-14.996283241458991
8270,-40.29008259419504,-13.340870315536359
8271,-0.5460271263319426,5.958991489465519
8272,-32.20439836030913,-36.117039890280246
8273,-37.321096015130415,-33.27750810305775
8274,1.4312178002887013,13.44354331587915
8275,11.956068929881877,26.213371147340705
8276,9.088172074903618,22.492178372276378
8277,-32.266521492586676,-34.536210144591855
8278,-40.13347641287286,-13.185869806620769
8279,-0.6515302348809449,2.323568796704248
8280,-0.9318496449967448,-13.405670775024918
8281,-10.530489091840106,-1.9903707929338539
8282,-41.387623890719205,-17.687344808765843
8283,-39.70625923698767,-46.729624893033446
8284,8.913433281308421,27.740914781468188
8285,-37.018022413478185,-33.927872894119815
8286,-46.72581288834332,-35.26029205168304
8287,-11.654340248256212,22.831648054471337
8288,-34.02248099483616,-5.650752649404944
8289,2.4326400660065555,9.049308811765469
8290,-40.61763368091402,-19.62257504288622
8291,-0.8144174986489073,-5.277971208312883
8292,1.59169045388714,12.512805761358875
8293,-34.6797480232782,-38.19917245626496
8294,-17.312322281191097,-4.274948213192892
8295,-12.196535943992231,-2.3704226150077434
8296,5.050978945788435,14.448462440435764
8297,-38.76675205081502,-16.507284998537248
8298,-36.01744704041212,-11.616719529082639
8299,-0.12411663263226518,6.434091709581398
8300,-1.685081082974301,-1.1287236140365362
8301,-40.82195164625771,-48.350844636436044
8302,-36.90746727172154,-27.036281803950065
8303,-35.19450335709492,-35.422366908954814
8304,5.453460259839393,15.821013050128766
8305,-41.19696879489522,-38.462830875752324
8306,7.164512058499443,16.841964632830837
8307,-0.9529824949813964,2.4000469006221175
8308,8.2450130948615,23.33141388765728
8309,5.299072756809736,15.706349663286044
8310,7.478086886855073,17.779761213281166
8311,-32.59569322434143,-35.83270145267144
8312,-50.21031704205324,-30.963493742060226
8313,0.43372850213864667,-11.161642831232932
8314,-41.58175700979478,-17.72451127316453
8315,13.727837022218065,21.585181958833623
8316,-0.31472834407380884,2.3033297312401486
8317,1.6683676273632748,-2.5311283148550388
8318,-44.89203892205042,-33.10292543969328
8319,-37.765577316924194,-28.773029216542792
8320,-40.983793514647544,-38.45710673546496
8321,-39.57496114436087,-15.5444119410787
8322,2.555803622648038,9.020998087901036
8323,-37.72578759178825,-8.271839603485388
8324,1.499203637039161,5.877603377988638
8325,-35.80275464797414,-6.49738912780164
8326,-41.222520545137,-28.19360529093544
8327,-43.74395137135764,-19.41777068306574
8328,-49.40334663941705,-29.91636463668129
8329,-37.69006503314523,-30.059206763782512
8330,1.4558282458924865,5.804465709336186
8331,6.501425397948562,13.224638216247085
8332,-40.895839462048755,-28.100906758780237
8333,-34.69612378209358,-38.5824801022605
8334,-1.2443753739168033,2.472019856111289
8335,1.2325609466842213,-2.800452535890763
8336,-16.46011147390974,2.6086332250769466
8337,4.6612835742368794,10.82325609276975
8338,-35.088926474747836,-40.59260626359922
8339,-34.85143375395793,-38.89467884901488
8340,-44.541210413193944,-39.11209974793226
8341,-33.493214224451805,-33.738026290066344
8342,-38.145101195085,-27.83472685836862
8343,-2.064471470591227,-3.8112275688296293
8344,-29.132050406312366,-0.24951399070792638
8345,-40.60034496182158,-46.64756233094638
8346,0.7733386979441067,14.081794411908179
8347,-40.64884561765259,-13.833181852964385
8348,-28.994000936718514,-1.7437132656280394
8349,-14.473854697621965,-1.4953592818856434
8350,-45.591691345274505,-38.939634317996294
8351,-11.18655313395761,23.03989707263134
8352,-7.60106892145261,-6.550054323255545
8353,-34.63653053808636,-33.598259574970854
8354,8.974606697790241,21.4887514796246
8355,-37.25176488764525,-45.79680341080618
8356,-35.159769282978296,-5.927304344446392
8357,-0.8511850875804714,-5.207646212587442
8358,-5.121582753434357,-5.422170498603525
8359,-47.932599321324126,-29.63215991763728
8360,-0.3339529750848164,6.362968151195051
8361,5.169417349126507,14.57380479937
8362,-47.611367598866636,-28.813258962119413
8363,-17.17912871095424,-4.058181210766667
8364,-21.24072554208732,6.104107788103916
8365,0.7522721343084237,3.8472176236467313
8366,-5.2478389337349185,-5.602469998734158
8367,-34.75197961671678,-29.03165280696142
8368,-2.492626444060844,-2.164944495341964
8369,-28.761314197005774,-2.1748426644413614
8370,-2.503006885397179,-13.219026055917508
8371,0.07139627269040932,-9.973295003918906
8372,-15.754084843133366,1.527672051391735
8373,-46.55409127338745,-27.68560076796746
8374,-46.62177211432703,-27.596169106878783
8375,-1.2641368383219098,0.5404071263214186
8376,-32.06011491787909,-54.93162342491223
8377,1.4491983241540354,-3.1103901643539085
8378,-17.272951521470695,-58.86432743855432
8379,0.4636609611123762,3.521304570063009
8380,-39.02705520007967,-11.97222366687319
8381,-39.966706405066546,-46.568064803970685
8382,-44.32886021920966,-39.10187883923815
8383,-49.00153396056223,-29.668169038719533
8384,-32.496535395756496,-55.85424180788693
8385,-34.17134525477662,-0.989410015057299
8386,-17.158991719995072,-59.77863935802538
8387,5.852968291296593,11.92829703330579
8388,11.046442159730999,25.24386290284561
8389,-1.726671777372511,-1.1544981535610657
8390,1.9871465159710562,12.447843569472969
8391,-10.329843026981559,-0.6161853560972043
8392,-35.953709911224735,-36.528606520273485
8393,-39.46238388883914,-15.306307131649124
8394,-34.899801552726124,-27.550298196819647
8395,-10.484690372672135,22.90506358542286
8396,-14.939663881251194,0.8143988847826013
8397,-10.144055411639213,22.66225588697581
8398,-42.08906979558629,-18.028103484780807
8399,0.33494323171173446,10.925203878517893
8400,-17.32683756276537,-58.73388653866127
8401,-5.744798959717984,22.63387411238894
8402,-38.89313886063038,-11.698141712315834
8403,-46.80372692206405,-27.708777304766055
8404,6.624722185367726,14.649063545202646
8405,4.37792075277661,13.126721073730657
8406,-0.6397197264433722,3.1841573037587434
8407,-48.52779208123007,-28.899893914930693
8408,-38.404458635103296,-31.952089065195352
8409,-31.855916246960323,-55.06162993302789
8410,-17.076225615570433,-3.974245781441663
8411,-35.08475084283437,-27.194921142183293
8412,-0.052543542399481724,-1.2026477053566913
8413,0.497135740787809,10.893287702891897
8414,-32.27191642570325,-55.04890464254787
8415,-43.49842128527089,-28.215602317328475
8416,4.905464778479223,15.288472933838726
8417,-35.627075913371506,-7.764682286169287
8418,-37.18736723318442,-45.66833135850952
8419,-33.43810562824722,-36.00710618896629
8420,-16.158303047518803,-1.1028233640927527
8421,4.201198360380704,14.667079018281571
8422,9.437170351615924,17.840137807019037
8423,-42.603267563051794,-12.15405960191476
8424,-36.82086780265708,-30.645556449076444
8425,-34.09649489140305,-40.102450999654536
8426,-15.220916885873216,-1.3120858744286208
8427,-35.08104017769642,-29.11904221520928
8428,-41.30410976366515,-43.240613371574
8429,-15.642274789995213,-1.1344703084845427
8430,4.952173936902529,15.639995488314636
8431,1.2812266822294314,-5.388724725835336
8432,-34.655350298990285,-39.79531579442302
8433,-40.29562914790935,-48.36128530781598
8434,-37.1766680677117,-30.46738338424555
8435,-37.54941511316031,-33.03844179583375
8436,-41.25100530249713,-15.534418311164673
8437,-0.1780217477262624,8.712377538089365
8438,-40.31117414692274,-47.466830661098854
8439,-0.7323751474717546,14.647146122548017
8440,-10.74336831971649,-3.4206389733824176
8441,-41.615517487205494,-15.91397080220606
8442,-39.55313950961338,-25.809149936758118
8443,-46.44950617744398,-27.481757319978126
8444,-41.3324756528231,-14.583387749173813
8445,4.140431538266353,9.136699366137304
8446,-17.452777436310786,-2.706386512813007
8447,2.627678373853144,13.477099849921446
8448,-37.504788812483234,-35.363157758838305
8449,-20.48539691311678,5.565763924042933
8450,-13.323301694789313,21.87230397826042
8451,-16.486323978293726,2.5630599664365104
8452,12.837236846389786,26.641351707596215
8453,-35.79826142073318,-37.6829247836347
8454,5.783484206506153,11.853513478580002
8455,2.0298587169652462,12.541172268421484
8456,-35.37166478937814,-7.5471555650604305
8457,1.0127018234153815,7.700271961080727
8458,-6.826480668197291,-5.237545707535532
8459,8.7656319289683,21.659734575665585
8460,-3.6327669123247506,-3.252079100427932
8461,1.596649749188459,-2.355467227562391
8462,-39.96683099877669,-8.192352372294392
8463,-41.48723073804611,-48.26229237621461
8464,-40.74539936507138,-19.804003616894313
8465,-1.116408207084375,11.302769843455405
8466,12.404530281281732,27.98491360811915
8467,-41.1957772195728,-13.98500585095325
8468,-10.160076581932488,-63.93090374309305
8469,-22.658096775503587,7.739278663729888
8470,-42.60276675234637,-23.91546448182069
8471,-38.14788669224751,-32.423341879966245
8472,3.956736728081069,12.36354712710697
8473,-3.2838523294821447,-13.604524454272878
8474,4.556886757075142,14.910150762837487
8475,-39.05419992258554,-8.937709847010785
8476,-0.7328687004509834,14.911831070429258
8477,-34.315149031574386,-40.1966183475235
8478,-35.33178276013559,-41.06200240290135
8479,-28.96433359185793,-1.817453911094206
8480,-40.3387004832935,-47.645402898082054
8481,-40.49760442252526,-46.88341608628239
8482,-10.99363519680329,-3.0070859635785605
8483,-50.16764653017543,-30.57557583520991
8484,-48.75848957787585,-34.41041103910004
8485,-47.72140502165789,-28.270525215817354
8486,4.717234381486992,59.29837290254298
8487,-10.58244843934258,-4.524018160457879
8488,-1.4697109435697457,-0.6675776676998901
8489,-41.28589164830411,-27.767463792767664
8490,-34.79837285185723,-5.389003015022231
8491,-37.75303724395924,-30.093972654229816
8492,-14.889561923911092,0.8722138682929157
8493,-40.704044251165996,-19.59169401471749
8494,-37.99197163745473,-28.871026383031946
8495,-46.62433783597391,-35.506203269395826
8496,-2.128532138772528,-1.0008460711644152
8497,-39.475798491312695,-28.062422240529582
8498,-0.3053367785777275,9.929625147966684
8499,-47.53359911358026,-18.70605710573927
8500,5.849616618404026,18.445761426502536
8501,-17.168061212875482,-60.051746211433745
8502,-0.8337169609983018,11.041657241811116
8503,-40.37703938558112,-47.98953585383378
8504,-40.03998422542656,-47.10492361504844
8505,-43.95784573790139,-19.4508696956694
8506,-42.39961107240641,-44.93259086465894
8507,8.783318885976644,27.80419073253636
8508,-39.58671275309017,-15.38825241972043
8509,5.8825833831871215,16.988970255302448
8510,-11.077064491132095,-4.330546954775376
8511,-20.15251433529145,5.791052737865569
8512,-0.3502101138323762,-4.53029772332591
8513,-10.67864245075593,-0.5018616801114845
8514,-21.648715934001924,7.425463001918031
8515,6.759179079728456,20.09072129446554
8516,7.941233826647864,22.997208101608926
8517,-40.90821705944273,-47.14391786910585
8518,3.654518710534785,10.271679020934698
8519,-40.688023434476364,-19.68990122214088
8520,-11.831784343798914,-1.968401532956886
8521,-39.36701221446838,-8.647145133847914
8522,-16.142310097997136,0.19799132397760882
8523,4.8919979137241985,15.896950599483539
8524,-1.7133894527421638,21.341442965766184
8525,-0.6415669142437649,13.810901104338075
8526,0.9786593972673808,8.358224463449313
8527,-41.351624944547964,-10.698588571531138
8528,-39.46900274671096,-27.321555674065003
8529,-26.632425810449607,-1.6302092367950414
8530,-3.689708075103975,-3.129266113315468
8531,4.039819650094128,9.127752446623617
8532,-45.39571096090463,-15.86321388953479
8533,-44.480093093018894,-39.17006242206615
8534,-1.9653318543866276,-1.0378924600245605
8535,-19.519078634783355,4.6133990603638555
8536,-26.258890183159398,-1.9093270190224905
8537,-10.050836579311953,-5.2946773829543785
8538,-42.44160635134006,-18.452050653796924
8539,-35.13356479741921,-27.30162952379905
8540,-11.212013046405023,-0.6903707572121828
8541,-9.56264439384644,-6.585662809608559
8542,-3.009450306337567,-13.69979779045884
8543,-44.45989912876843,-35.5902757139062
8544,-10.532488813707783,-4.47157318341016
8545,0.4277864392841548,7.824735664558555
8546,-1.6998337600801772,6.221623352567277
8547,-17.223167735385374,-59.70125283814192
8548,-23.340292852562182,7.573109892727352
8549,-41.054523506583145,-42.38408951714787
8550,-47.62015302175196,-27.478220800253666
8551,-40.31850403594271,-8.712023366336554
8552,-20.89559951115975,5.648660900806356
8553,-1.1362931785668928,8.877136442157123
8554,2.964307614790063,13.652856037054415
8555,-41.68153165978983,-27.830056765879963
8556,2.1549868759124777,9.91562357084853
8557,8.343997556090837,21.31629112600369
8558,-41.99034212951506,-47.866801702429726
8559,1.7992356777645482,9.683843395316831
8560,-36.76751669386481,-10.645571916574765
8561,-2.1057607359912063,-0.7967785491689497
8562,-39.88293927898187,-26.476114349497
8563,-14.952638436541127,-63.37863741497731
8564,6.173434133349475,22.28456879265418
8565,-0.6749541163390342,13.309742550369936
8566,4.086589628795819,10.617382581707494
8567,-1.7108178116934138,5.661000182190508
8568,-3.634050406786203,5.641455670626325
8569,-38.30642094017495,-36.25209774569793
8570,-42.12642706550691,-17.3585470269873
8571,-16.922008791046576,2.683909499009638
8572,-0.09262867787011718,-11.161102315430144
8573,-39.235621123361156,-8.324593728401291
8574,-44.04673555412018,-15.779204333757077
8575,-41.603545880003566,-41.22804839939438
8576,7.466459236506208,18.749438263694884
8577,-39.02525973157766,-27.572787413435496
8578,-9.59224793391204,-5.360665110606356
8579,-17.56926795796034,-2.6813835629348146
8580,-3.849490653794858,-3.454772050069099
8581,0.932276164778729,8.54994206373896
8582,-20.409610081170474,5.20895901353553
8583,-41.11806311696535,-44.468750380267075
8584,-42.24101074748612,-41.14493487246926
8585,4.014680945545928,19.9618937127946
8586,-45.95564205509275,-39.112161170011525
8587,4.750217305136618,0.09543357988009517
8588,-16.223982022339797,-0.3441017755670263
8589,-21.935771016708312,7.622328349364099
8590,2.132504139026387,9.314759957451082
8591,8.598297364435528,22.360234122937953
8592,-35.28618937275154,-7.136789989074685
8593,-40.94799627561391,-27.7757371968053
8594,5.919466560344529,18.88178454968309
8595,-4.030340060458144,4.048820888104965
8596,-15.647511588687166,2.8836307943713897
8597,-34.622673899424804,-33.50728858246938
8598,-0.33858185238672855,6.780063013281659
8599,-45.611928955494406,-39.1444215940831
8600,-42.024462944900975,-11.21919824734698
8601,5.194590029210021,16.559933254625307
8602,-41.15876794977696,-48.4210540530674
8603,-34.42162839074302,-33.069619636151586
8604,-48.78289936752287,6.881536126262889
8605,-0.6925609100419843,10.679804246664807
8606,-48.415987429375356,-27.233548077623585
8607,-1.8230859333340457,5.822846486532336
8608,-40.895679791095816,-38.23890482071388
8609,-42.39310450963453,-28.167613942284497
8610,-37.13741698327711,-6.684630913653311
8611,7.590717815779678,18.725243714352523
8612,-27.358188304733584,3.339540302795908
8613,-43.482662850163955,-18.74616992911711
8614,-16.58920592850098,2.226515082175742
8615,8.456018580115119,24.832311693690855
8616,-41.55254869509625,-48.37062262070211
8617,-10.71228992829079,23.01325448388368
8618,-40.69932400534581,-46.93139041482098
8619,-9.659941205152917,-4.941106795296092
8620,-37.91059751869748,-7.921095365208007
8621,-3.7188165173385586,-2.948430688113
8622,-42.264800616919324,-18.182829662080856
8623,-35.956207451170336,-38.70836184618746
8624,-46.340105743618864,-17.245972383029876
8625,-9.894376172923529,-4.867087034990206
8626,-1.8793932493936176,-0.7811920230487954
8627,-45.87244474801067,-39.2013727108456
8628,-1.0592285753331974,15.19817991078479
8629,-42.58485268251024,-14.593519229525182
8630,-2.796333343488737,-1.8782445752735781
8631,-39.10441449127632,-8.254280883672681
8632,-16.208717322898554,0.19106707299772485
8633,-41.20325661091107,-38.450328876289234
8634,-37.34218416867785,-4.730089768281927
8635,-10.099196817002406,-0.7842835795002235
8636,4.479044045953111,15.889632169730294
8637,-11.661256845460585,-1.8197503122622645
8638,-41.648174459112376,-14.398085470032417
8639,-11.581627417269367,-1.4421986775465876
8640,5.711344317708342,17.229972304625896
8641,-35.482462197775185,-40.31529519456707
8642,-11.50451712434947,-3.8626098102748596
8643,-45.2106476252575,-39.337234271265515
8644,-0.31537888295995203,6.754643969192242
8645,-2.7839220885016482,-1.6995942802691886
8646,-39.3910383461639,-26.831640149519128
8647,8.545389726471827,27.739801726741437
8648,-10.564054295879203,-0.7509278512608921
8649,-42.35863507500258,-17.367935814657383
8650,4.293172423291432,15.761116051219823
8651,-34.79992382310685,-17.44682584976571
8652,-1.588603196847458,2.6443685873828424
8653,-34.59147426612965,-39.94829228587805
8654,-45.88063889990305,-8.750365341523375
8655,-10.877845210614444,-0.7605948678783561
8656,-44.05863691249559,-19.406974341808176
8657,-27.36659462041105,3.4097369556430666
8658,-2.240783552976949,8.495040533026376
8659,6.333488554785522,14.16101054175334
8660,-26.66286808757313,-1.6725672167710557
8661,-1.799130116299505,21.237427371722173
8662,-46.536884986689536,-19.70410545888873
8663,-48.12172399034776,-27.463301685332514
8664,-41.67147404951239,-42.03086633571039
8665,-2.0933975956756585,6.913907881662606
8666,-41.338334899688874,-13.581157121275275
8667,5.812328712966696,17.436165362738915
8668,5.610377770789022,17.180271450763573
8669,-1.2827165749304448,-11.14263792181189
8670,-43.47678768268919,-17.70389405580054
8671,-26.297657315196297,3.662841413739844
8672,-46.07317402442049,-39.0827956999632
8673,-37.86787933600925,-32.689123524265725
8674,8.20272589416847,22.642490390436517
8675,-17.19180422430921,2.2598070526696206
8676,-1.0911032716260667,-13.019328951191481
8677,-2.5269054484772266,-0.496464138904133
8678,-2.118931780555122,5.430826937221174
8679,-37.92179668270163,-6.984253031063194
8680,-40.24409093512227,-27.726687646578547
8681,-2.0184780730034277,6.951908038209809
8682,-1.8855035309187125,20.685969156454707
8683,5.641544191161491,17.499890488147052
8684,9.52070791804469,18.601670770389426
8685,-47.781301788126584,-27.236240326112664
8686,9.087380743554366,25.410282009277573
8687,-37.75722305348219,-26.57244194934733
8688,-11.32704730171044,-4.621470623023993
8689,-34.32540677043164,-32.51435513441052
8690,-47.19426577974187,-18.29747098657359
8691,14.044275820772446,28.273717315696963
8692,-42.78798151059065,-41.27096239793842
8693,-43.05301095921869,-17.93573464344678
8694,3.753672165730476,19.67536767327605
8695,-39.930035758350385,-26.69734591026427
8696,-45.65287908538452,-16.277978978650914
8697,-39.98449958282399,-27.062431791181016
8698,-38.06710321424077,-36.56180199875352
8699,-39.330989734118326,-36.78744240207263
8700,-21.2776139498235,5.3293068573347435
8701,-44.98488853676893,-8.58948997149718
8702,-41.27440222155483,-13.655233025985213
8703,11.271512462775725,22.13588149204034
8704,-51.263389961282094,-32.02110243700893
8705,-38.52194981322974,-35.45366820709024
8706,-3.545608765568211,-1.4603607483801837
8707,-39.758242444788046,-26.911095008714238
8708,-6.510314935302404,-4.875894187337451
8709,-1.2751429821477809,11.174761342412001
8710,-0.726855319788808,-4.239530470674703
8711,-47.25590813630058,-9.854225868328584
8712,-37.827093616175375,-26.041709326811862
8713,-5.166052048557674,-0.5898811759984108
8714,-47.934389465524,-27.132944232640156
8715,0.23123979185542481,7.860089316696992
8716,4.297264251411747,11.16058681406893
8717,-38.976999494211356,-7.794685091367676
8718,-0.977500369463392,17.705085119064123
8719,-48.17938291638476,-19.370335773108014
8720,-34.60483911290905,-32.054286125243735
8721,-35.23834217630209,-27.19567256470979
8722,-37.93884646656554,-26.867417617980095
8723,-37.46757072290859,-36.27818191163608
8724,-47.478188673393745,-25.458359712298943
8725,-34.44084667411892,-40.74410170451845
8726,-3.010657707635677,19.57603620173784
8727,-35.88547600826149,-41.19527083842958
8728,-43.213085684029565,-25.054669816612673
8729,-5.1298568511087925,-5.334461274555674
8730,-38.86126678062988,-34.93304323305147
8731,-37.086507466701974,-41.52399510145961
8732,-42.64181321326904,-14.492546989424234
8733,-23.328629343090455,7.493844405596143
8734,3.8518814085478437,14.938521005763729
8735,-3.8032178638676934,-13.147426294861152
8736,-13.506240555410544,4.396189783642095
8737,-7.986967816814869,22.04063176549173
8738,-36.185304784240806,-36.859888403225995
8739,8.358816899274702,22.451322529625536
8740,6.064672377440786,19.328425236271435
8741,-4.389265025179933,2.2117190410925613
8742,8.665354179518868,28.26290184358985
8743,-36.323851613820445,-38.48553506447804
8744,-45.56643459149575,-15.594020781973747
8745,-6.607359840421291,5.945319972646605
8746,4.121102027241374,16.555990615484088
8747,-42.012929020249906,-26.460867335835818
8748,-2.7683441264766544,-12.83740953565082
8749,-2.3583005311521066,7.689187616427931
8750,-10.265163697963558,22.977567083609394
8751,2.1423026331238395,10.210803924634611
8752,-0.564307782860356,9.58598692748301
8753,-1.75245331672759,20.49862995816562
8754,4.515332311478909,15.145032710022292
8755,-17.893784035834894,-0.12700036570540224
8756,-49.11654265994943,-27.222955685632982
8757,-40.746087641216185,-42.263835845639534
8758,-5.377649334925197,-5.829685293930306
8759,-1.3621503460841522,15.26437148600448
8760,-0.49139150022372935,9.39005550822647
8761,-48.78890069550419,-26.50146920501501
8762,-25.327930113806946,1.4452821603149724
8763,-42.3212698020372,-10.896063806502331
8764,-45.58510143713967,-16.071087731057556
8765,-36.37522726623226,-39.2487608675703
8766,1.7877669081343714,9.867651029911759
8767,-0.702627658604402,9.648027247647654
8768,-4.013289086253028,-3.3899698520533272
8769,-45.615544934886984,-15.586775825775426
8770,-38.38281147054226,-7.1866900581473665
8771,-50.90318326202335,-33.348834917115546
8772,-41.456956922015344,-42.786786663134734
8773,-36.96382561696575,-4.297932068622517
8774,-44.41594738011258,-17.144080962616176
8775,-4.616658467290918,4.808217423058265
8776,-5.33087585267643,4.218637840979203
8777,-10.088916804787438,-1.7905052153933534
8778,-5.190192858930537,5.388654177036474
8779,-40.70204793341506,-7.999374307137172
8780,-38.7544511372024,-35.053354932084915
8781,-1.5889614038122233,21.47232264190622
8782,-1.1522584446346056,15.571883121567955
8783,-8.005234241407353,22.05720956676245
8784,-41.624252112053206,-10.561333672377446
8785,2.311165666254041,21.376454408797816
8786,-4.641635277604945,3.474293797447848
8787,7.234978589482726,22.159176860921026
8788,-39.31865920651686,-8.72798462358698
8789,-42.072637768945484,-44.6623702608662
8790,-16.420274224804736,0.25376949242665314
8791,-29.07854044648654,-0.24018859864691214
8792,-41.92062285251057,-27.162320083795752
8793,4.334234340610269,11.300909020394354
8794,-0.8323704523707856,15.757623551829326
8795,-2.954064548182497,-12.165216260228823
8796,-45.15108383586401,-15.107396322138356
8797,-41.99046152821252,-46.33449010374719
8798,-34.362280901919675,-0.05141668411050175
8799,-35.10875539194891,-4.088790529661272
8800,7.056310181134969,19.1979569259479
8801,13.061682464163454,28.16784069987818
8802,-4.3514115520861125,2.712586626440084
8803,-45.926464700336034,-19.558580918761656
8804,-45.41495766129306,-15.316138515252744
8805,-42.40044662421597,-45.0839932234158
8806,-34.62539077443096,-55.34164387430632
8807,-23.23259858508381,6.862677585063439
8808,3.6100126821138088,10.480205444226877
8809,-1.917882177387137,8.726428084782912
8810,4.887233450645919,-65.71275986432262
8811,-37.958949684671786,-32.622586921642636
8812,-16.481588325762303,3.0500629614129764
8813,-49.76257144855332,-27.033313483705953
8814,-48.95359986927746,-25.653797375624652
8815,-43.52715520067498,-17.492618620223645
8816,-2.9277489687178657,-13.111690796949668
8817,-46.76728541177592,-17.63268924717518
8818,-18.06678922649116,8.684862508267223
8819,3.571509462510263,15.178835143608365
8820,5.589903708414839,18.766185349302372
8821,8.776171982809661,24.71505100608318
8822,-46.57610231089474,-10.135809306429525
8823,-41.646926990553084,-47.87088653367333
8824,-38.401561808804324,-35.39200457465416
8825,-43.21030973553319,-11.978986225051296
8826,-4.245150189402412,6.0251634741222535
8827,-42.616410470795664,-13.244215933559781
8828,-42.11524513615583,-46.34299417486046
8829,-21.401504740943174,5.032488008598323
8830,12.17974255001669,32.22119100428425
8831,11.172985222671926,26.98361964616782
8832,-44.867752428459596,-17.010093006933783
8833,-33.9007779482394,-57.106260897487935
8834,-37.75747630383541,-6.76202057800315
8835,-40.789073753752646,-27.203350106563423
8836,8.516805867658906,28.033634930968695
8837,-4.244692716103639,2.3890121694097894
8838,8.213194377574172,29.543047692977563
8839,-24.325555693643082,6.330976452445477
8840,-47.36463014432949,-23.549076152991095
8841,-18.897694773973384,4.2781755341233385
8842,-5.3005295257820775,-0.3550779483850172
8843,11.466620340660644,27.222410694448644
8844,-42.317953860550396,-44.85880011409224
8845,-2.2806462085655967,2.6578506413205183
8846,-39.70262040713908,-4.507736874746387
8847,5.463901471636278,19.681221325342598
8848,-47.32976516888783,-16.681406019246115
8849,-41.99449773829491,-46.33123638144914
8850,-47.21932243272153,-9.871599126334226
8851,-38.129107636948106,-6.585978452410538
8852,-45.422666750136024,-15.162625520669113
8853,-50.417295923216294,-26.485442933681497
8854,-17.75121835794317,1.6855975382205732
8855,3.577429940619407,19.358231437657448
8856,-16.042541020311972,3.599628134050852
8857,-2.6594467617556528,1.392009920212085
8858,-25.125930103654927,3.2369395914963786
8859,-4.1192807755606315,5.484390500391784
8860,-50.33109584340005,-26.924014228077084
8861,-36.78787359312612,-37.847348769285766
8862,-42.72623219273738,-11.055810265596783
8863,-28.836890745365483,-0.16024028474204902
8864,-40.72519833254616,-9.40708450883746
8865,-36.604938803715065,-6.418245387416412
8866,-46.366278761629424,-39.06617434910651
8867,-42.50629716383589,-13.714009325634727
8868,-42.50373544816994,-25.49096409231655
8869,-43.72681629996509,-44.45001734743075
8870,-34.517800725695075,-32.42775229276475
8871,-34.67579582405919,-4.335213064434598
8872,-11.51061785908637,-3.8062461742081046
8873,-47.435591855039675,-23.640450488683594
8874,-41.59122863913824,-46.21048701524227
8875,-37.728528349952406,-36.87729630442494
8876,-40.27473096085853,-7.869104164566808
8877,9.352379764141338,28.798138605886386
8878,-40.67050849669076,-8.016805829668211
8879,-2.0401058240755185,12.202520539223867
8880,3.718188232900415,16.875991527553104
8881,-34.1913701538901,-54.73615348442981
8882,-40.75113486994231,-26.589267092810616
8883,-41.94456183627525,-46.032779950456934
8884,-1.2932639811233448,15.467265483105129
8885,-37.58348082489333,-4.750951277395383
8886,22.43605681273058,28.69191040720235
8887,-41.65711244216498,-44.065037554558266
8888,8.645044370923115,28.301619128882894
8889,-2.5944121872690187,7.610858956993996
8890,-4.083564772216471,-1.0351177406906475
8891,-5.1973206233928755,4.968145282871405
8892,-9.92719794253207,-5.558816142551502
8893,6.599467965664286,20.22397925541915
8894,-30.459466224657273,3.525725151535219
8895,-9.951277377295893,1.5907518665053695
8896,12.091809697171406,28.184248050473425
8897,-1.2177598958455167,20.24639270760526
8898,-2.905742267806104,8.374044872985836
8899,-4.682242632125049,4.124021985231261
8900,-2.774319276667553,5.289483591376359
8901,-33.899633698619674,-56.85007157209841
8902,-1.4057521531073986,15.282376200948011
8903,-40.05976127958367,-27.446290780143652
8904,-45.56704950949332,-13.77148663944579
8905,-36.927079298193185,-10.512803822451824
8906,-39.43707429798407,-7.251851358727523
8907,8.227843640313818,25.08624386250989
8908,-48.14767890044605,-25.174246789594317
8909,-41.233731791227584,-8.462254489472565
8910,-34.567785917249225,-32.04272845126539
8911,-36.37229267937531,-39.36632567162665
8912,-14.01490785157187,2.2792415510903186
8913,-43.39633822676319,-14.688841368090706
8914,-44.370137071942466,-19.339834174902975
8915,-40.085638137212825,-4.468011206761933
8916,-49.818286810091784,-25.94779554238619
8917,-42.36532684970317,-42.045827307204455
8918,-48.09495174272441,-22.385789313050637
8919,-36.268012539021115,-39.39307538080211
8920,-0.5159661445795162,16.926107943926333
8921,2.2182446457684026,16.999342629582877
8922,-43.69559772854595,-14.45879518668306
8923,-1.5277481177372323,-11.310634814312508
8924,-48.164043782497906,-19.036442646626494
8925,-21.616101590155797,5.541082943760618
8926,-43.766079635138354,-18.501530711773245
8927,-3.911796472969062,8.408984169771802
8928,-43.6707200228166,-44.67338694380706
8929,-23.21289411365122,3.8530857017271636
8930,-36.200648459760146,-37.199571314714525
8931,8.39974709747644,24.954132515934653
8932,-3.7872190922381535,3.2627371199413826
8933,-40.60172034634418,-42.04239736060707
8934,-13.988516044656189,2.321260123310639
8935,-14.143433447825286,2.1492238285694514
8936,-37.05858072614488,-39.15427668947192
8937,-41.81151427370186,-43.28498524584065
8938,11.49549687997383,27.333750869458324
8939,-6.843989841666351,11.624328991479935
8940,-23.02297190243245,7.723469381012637
8941,-41.6072806629107,-44.259999476949965
8942,-38.40611540415118,-6.6949203571420375
8943,-21.418802195751297,5.287515059760412
8944,-47.70799760171676,-25.357322698727682
8945,-39.41964230227326,-7.309471456585999
8946,-42.04220567059791,-10.412992615394405
8947,-40.93414319083972,-9.174212788483382
8948,-23.465734415046345,7.0242962115337635
8949,-30.785486502571796,2.67540457226683
8950,5.6580691409913015,19.787717780929817
8951,8.975080750250317,25.42251438888738
8952,-45.69216748128184,-13.954889043557994
8953,2.5504109521263767,21.963021747104435
8954,-0.44732723231637894,17.142322685917094
8955,-46.85731656478969,-15.013311002138137
8956,-47.46776496660992,-24.22084864191703
8957,-47.23764270611224,-23.498678431717945
8958,-5.149765470803325,1.182346463563316
8959,-44.96624222926159,-19.588944894159006
8960,-18.385394184066786,1.9028713368341408
8961,-5.490789579152512,4.800356410974844
8962,-45.618400010279984,-8.055244753409397
8963,2.7938916841137837,18.30866749417582
8964,-39.278662495027866,-34.9027677669943
8965,-4.573829311843709,1.9495131135130948
8966,-3.5786670734268333,10.246564941936892
8967,-29.40248235005462,0.5286273775951248
8968,-43.47776822929234,-14.750212965811324
8969,-37.845762635246125,-26.26687764340272
8970,-0.5954996632724223,25.891354278607032
8971,-5.378797124722216,0.33698311367796563
8972,-41.371683074457074,-8.806163185834556
8973,-16.131811430791625,3.7119375486955875
8974,-39.886277456181666,-26.793968524864713
8975,-31.602499626875243,1.5406344288391942
8976,-34.753055117792904,-17.500070246891813
8977,-25.722497135540006,2.0107777660048307
8978,-42.97498302937877,-10.450311564604084
8979,-4.998607876827968,2.6381171447953937
8980,-42.72377302091441,-13.453979722045187
8981,-50.425674654966386,-26.19606422222926
8982,-4.6581029835253185,5.841611815454129
8983,-45.15958337454987,-19.032492774424924
8984,-13.683643874446792,4.330555568575421
8985,-2.9404171732620696,-11.925487382157609
8986,-41.16260104409624,-7.8434408396989905
8987,0.9238053999502598,17.31102993892481
8988,0.07303946172783084,17.63242238826383
8989,-34.218554917353636,-0.8411540006581724
8990,-5.75297746600341,-3.1729166527990365
8991,-5.157140386355875,0.879561799432746
8992,-37.20625745413017,-39.8342399267247
8993,-2.077474550877552,11.749422337248122
8994,-5.15648189264482,-5.406558264054294
8995,-42.692249054421595,-9.744198475746625
8996,-18.260886052451117,-0.7288313485716968
8997,-41.02059341779825,-7.332084974289407
8998,-42.88981397705743,-25.35579148024023
8999,-17.969212939733342,8.770217450358942
9000,-16.028399556589022,3.7118070016680638
9001,-46.21173393312242,-8.790453128441829
9002,-37.192490045931756,-37.79803720123862
9003,3.5294780350472776,20.43312162163773
9004,-35.47070837423758,-27.346553670668765
9005,-4.7011344089428935,5.0415251892935595
9006,-19.109482736996004,0.2669396244251926
9007,-48.170600181779825,-18.920937558975933
9008,14.354942810934059,28.508168448396
9009,-43.90939892508763,-43.949234100532394
9010,-41.92850808800022,-24.90550280102158
9011,-3.9417440503693517,6.996334111966905
9012,-4.800588822092801,4.769725265110839
9013,1.8407236581259447,17.59410475847164
9014,-47.549807040849096,-24.311858757146517
9015,-43.292647651821184,-11.93192874252814
9016,5.289211839149261,19.280925593758134
9017,-4.050285357545002,9.06763010731875
9018,-19.265087325051763,0.8952060088579915
9019,-43.353629460894574,-14.036878334795738
9020,-48.360323496321826,-19.449118667656457
9021,-37.199765739348905,-39.97850308727643
9022,-3.9814363287269674,1.1670329435461728
9023,1.9565497719110967,21.721436629833118
9024,-43.30614826388638,-11.254819368101654
9025,-36.59504070750834,-38.62567078307275
9026,-3.8013240309478373,10.790647112610086
9027,-40.93831415677009,-36.820389440004625
9028,-5.807218776763028,2.8545069792305475
9029,-3.4113021437578297,0.7685872347353656
9030,-25.63962025007165,1.9814031709162054
9031,-5.71087039012091,8.87866630766572
9032,-22.08489765279979,-0.8621075895512894
9033,-36.919466049584656,-37.44810343935168
9034,-46.00991792122869,-8.546381645194009
9035,-37.86943950828426,-38.734765642702406
9036,-2.522169968814986,19.518313314818545
9037,-34.74342854118883,-17.5211860137458
9038,-2.0604551618640268,12.168072813485484
9039,-26.93903486332851,-0.23319185629783076
9040,-43.015091729129196,-14.030181376971033
9041,-43.70009176391243,-44.00623003388239
9042,-39.42097001578225,-7.133182947700546
9043,20.509678652501393,32.61459775458124
9044,-24.407233437037984,6.335569275820051
9045,7.437650672036026,34.546778093634856
9046,-37.24694919060024,-39.00393271662276
9047,-40.854319341311594,-26.426056091348713
9048,-41.59278087784232,-9.591289425940925
9049,5.552268150811444,21.964841676913597
9050,-44.28161033975015,-12.526650806429911
9051,9.055589702136567,28.245215914285254
9052,-4.141832077348745,-12.96111731567465
9053,-46.90703434866525,-20.104258583796806
9054,-45.694347854809564,-13.854014240476022
9055,-40.39058352716016,-41.24435451126962
9056,-39.254822916718076,-34.71521438444062
9057,8.543300076513825,35.42766865745904
9058,-18.34757894102805,2.9654857300269972
9059,-18.461879256062012,1.1052242938540873
9060,-26.4801550338539,3.575019110175261
9061,-35.04416336740178,-55.06872050720961
9062,-29.41516143374668,2.9837523246933944
9063,-25.18157925420742,2.221076015740538
9064,10.412772880154389,27.78455544275921
9065,6.996563792336509,24.400228439408142
9066,-17.059807466470517,3.700010939632048
9067,-40.528138167663364,-35.3349968941788
9068,-6.486465977981113,7.943711829077488
9069,9.823114470980059,28.75534255886333
9070,-25.25482907433635,1.8798205522456424
9071,-12.736159916909104,0.5519533077679849
9072,-0.8126498319310449,25.725003574090554
9073,-34.358213082328156,-55.58334536612152
9074,-22.274370333066976,-0.5022817571595504
9075,-45.98883187193429,-13.701768310833215
9076,3.8462593265500336,17.464272281211002
9077,-49.501417767449034,-23.346191547210786
9078,-8.919362656586095,2.3355466911701175
9079,-37.216889820498,-37.9285138798735
9080,-48.26128518215563,-25.16503973756961
9081,-18.001246521500754,8.721498724412248
9082,-1.298810597537802,17.613613338517574
9083,-23.27740766635511,5.457710864502345
9084,-23.118594989590925,5.579692015280483
9085,-23.98773472061312,7.287976682783056
9086,-23.989628377550357,7.059602334903046
9087,-41.60452584811002,-8.81848801276929
9088,-49.475301723603,-23.251260953897276
9089,-39.05779304249367,-4.69412305545788
9090,-40.285128444411505,-26.767578676596646
9091,-48.474823987414204,-22.760583189115184
9092,-40.35488445239774,-41.24414329018925
9093,-41.70474020105252,-43.46587797722731
9094,-19.784170529165376,-0.9562748801882215
9095,-40.354108094799805,-35.71325101189856
9096,-6.937862745054112,7.3990293020872375
9097,-5.806665087438359,-2.4315174789610086
9098,-47.09492056929822,-17.399160631338624
9099,-46.4788058677263,-16.94727613967412
9100,-23.63386642268522,3.591380896103232
9101,-31.62614669660203,1.520183486155846
9102,-49.82017544646026,-23.000211989633698
9103,-0.5510453467895705,25.469304280042408
9104,-43.133581390881055,-13.40811973594197
9105,-2.4854781038670444,2.892157514837395
9106,-39.79023987844773,-4.095023830423255
9107,-12.834573417851237,-4.038797037184553
9108,7.371504176784072,24.981819319450736
9109,-4.838256419963204,9.595706950186187
9110,-42.206676600606016,-45.03031388716769
9111,2.1976287004132855,17.539438348576258
9112,-40.47869230533985,-26.891763338661452
9113,11.779614633931171,30.713221182492777
9114,-34.54425002420582,-32.45283280060148
9115,-5.168510183861551,9.648636767539545
9116,-19.827878278763258,2.485589219981742
9117,-5.766185803817579,-1.7203285658933705
9118,-23.833537572977324,6.698944085490412
9119,9.451446308322057,25.665478664721533
9120,-4.128594329484073,-12.07236427742182
9121,-47.446299821484814,-23.779241162644777
9122,-5.7553764852935085,-1.6113023001531734
9123,-47.64617371617595,-17.121402433835364
9124,-2.5445044880631884,2.826374754466455
9125,-46.75698157631365,-17.266398649958806
9126,-7.0469836030724675,10.346823387094998
9127,8.129876506525443,24.451114809680377
9128,-9.157981599575686,5.422915181299077
9129,-21.096760564847255,3.8303370300728723
9130,-3.2970704399068187,0.7347759799967785
9131,-25.18489887525722,2.5500668425438233
9132,-1.140023449762278,16.99748392967616
9133,-2.939971928742738,19.06524469310027
9134,-24.82386420838786,6.200961945489376
9135,-48.81627726886933,-23.938892135905974
9136,-39.96216669003752,-7.094053269644545
9137,-46.97621737082237,-15.04561824744873
9138,-36.532284898363386,-4.024037124921611
9139,-23.837543677050498,7.59649500665068
9140,-6.892340076187827,11.833655044749863
9141,-34.20388764815161,-56.721362095846864
9142,2.6924627501763205,18.21887120933004
9143,-52.99678732219964,-12.876836175368403
9144,-46.23692857132754,-8.750965521204
9145,10.60972451058081,28.276160075011944
9146,-47.622199878343274,-16.450611395458075
9147,-49.16513687078613,-22.10803896025214
9148,-18.75666479234995,1.9485200703816017
9149,-50.81690114667328,-24.200600230261912
9150,-46.593812653981544,-15.718055456369989
9151,-39.35921069061948,-6.15005291626476
9152,-46.116745392846994,-13.907317841984797
9153,8.64063212330658,28.5366510927352
9154,-40.809006289312535,-36.45658866741946
9155,2.791605127628743,18.669540517295548
9156,6.324808943776006,20.160965402803804
9157,-51.851032044934705,-13.883998863248092
9158,6.892561772721164,24.412696077250775
9159,-51.451225787291,-24.09463391966392
9160,-6.846944608674682,5.999919766498529
9161,2.160514503534235,18.38483978214713
9162,-17.002307047091637,5.350676893143921
9163,-5.604405678705996,8.854115054869926
9164,2.2293854824014043,21.57280873838682
9165,-19.197477397731028,1.0299945433383155
9166,-44.44381248476848,-17.16187867994015
9167,-13.543651827449503,4.404601222732503
9168,-4.426472206366273,8.1022098144116
9169,-2.0704864272811876,11.325227178500342
9170,-4.880662412177886,-10.757558253379813
9171,-35.685313986687866,-54.493964020465434
9172,-2.541676118541095,2.8788853609778755
9173,1.9105964344687232,17.611902982102134
9174,-40.3712370899657,-26.88651313083691
9175,-50.44395717919767,-12.526903970235217
9176,-13.52337383820127,4.469300660881119
9177,1.1723883733193476,21.0119496489622
9178,-6.301000793090553,3.3224321434904
9179,-19.114981230223563,2.1046619750764948
9180,-43.3692708729675,-43.22112824598388
9181,4.711824528923189,21.007975836062265
9182,11.843054785667249,28.149937104919093
9183,-27.402211590665,3.461209278899337
9184,-20.27806780563699,-1.7749491905748256
9185,-5.83002828519389,-2.104280981822994
9186,-49.67069051317994,-22.352569120866793
9187,-4.335029044046293,-11.184639748319661
9188,-22.476283430981884,-0.37721785030692984
9189,-21.430391600301455,4.798940019070115
9190,-9.139150833544988,1.8709421796230035
9191,-42.74847641026038,-9.639393407913937
9192,-16.704180060763207,4.021099287083197
9193,-20.283273278199886,1.1259899416048798
9194,-5.474326877290668,4.812471346419502
9195,-5.968513945307564,0.4142038179508517
9196,-48.868950317967204,-23.873861618286877
9197,-40.4604898076543,-4.16979402554762
9198,7.3406125954290085,31.353584833684437
9199,-44.21818661700627,-17.366446336949608
9200,-42.760773805047975,-42.24674397342686
9201,-19.989496363993023,-5.235030812573914
9202,-13.7072185712083,4.692525078199212
9203,-19.897249630127963,-1.2608541802285014
9204,-16.42251201215473,3.9964214342419604
9205,-30.71189990161112,3.582877351248433
9206,4.540874705488585,20.954674346686982
9207,-3.535077014618229,0.7992342101911215
9208,-29.19776659173068,2.6850821463190355
9209,2.298746059218112,21.374065756920743
9210,-6.941919779430791,6.449356911938388
9211,-53.76188696542955,-15.436956278523308
9212,4.92171440034381,22.03268913248005
9213,12.13580598306394,32.28094698003087
9214,-20.14174579941906,-1.5335760870641104
9215,-40.85972417198865,-5.992464756594816
9216,-40.8807605875741,-35.0664052585644
9217,-2.0009270077919763,16.13569021425337
9218,-23.281981193531543,4.042201551815506
9219,-6.321376124467683,3.4726441500852134
9220,-44.70263556211328,-12.071927124138654
9221,1.042901452386798,21.15153655246055
9222,-41.46767096793764,-6.829439689869736
9223,-48.307062040790186,-22.48609278350804
9224,4.172566867446575,-79.04704125432684
9225,8.533470724704536,28.628858104919853
9226,-36.636269257355764,-42.65733741938655
9227,-7.068817371698053,8.339510402894348
9228,-40.43711646102086,-35.65476399284303
9229,-32.68913629836403,1.979357209128042
9230,-5.983295364141199,-2.536693830195277
9231,5.851272870011842,24.754787587131187
9232,-5.908126859591122,0.6303474881333676
9233,-1.1630856149687383,18.52910114493321
9234,-20.28378762676053,0.4232997017389261
9235,-10.673084377885043,5.231956564502025
9236,-45.04108645939927,-12.129173710584222
9237,-0.26358555024221425,18.573827615471515
9238,-23.772490405124962,-6.030167913844571
9239,-48.08248764318961,-9.231004978540962
9240,-23.39336349657557,3.7663322470659084
9241,-5.291555882129066,2.987568820298196
9242,-44.12276909991902,-40.446179053397714
9243,-39.66952340788265,-6.757294893570244
9244,-48.87580181894502,-21.90720582015114
9245,-26.048621328609894,1.4938464261536033
9246,-2.599983450263617,19.350758540648645
9247,-51.941183283017644,-24.221815518184805
9248,-7.040675466207342,7.670796997627456
9249,-25.118924085111146,2.3366346165602754
9250,-31.013943659514105,2.9475807759131727
9251,-43.29844612763352,-10.708749473555391
9252,9.466741397461767,34.62613018425205
9253,-2.022954318123521,11.428853931245756
9254,-46.651975578967765,5.385829848373483
9255,-42.71912214764479,-42.26603146232276
9256,4.949522727739744,22.346973965949736
9257,-47.876134775801496,-16.71662765313985
9258,-23.41708968373968,3.7700019112628858
9259,-51.95216117401259,-24.612785483297042
9260,-32.84053630274773,0.8277189941269636
9261,-44.69637198476165,-19.324380729891445
9262,-19.027917226483005,1.680541721596722
9263,-50.80067634374643,-25.74244905493616
9264,-42.745260170639135,-9.593906056000897
9265,-43.04262894084533,-10.116576578823862
9266,-41.755418941032076,-9.384104290886066
9267,-37.289476454680546,-38.15947837021428
9268,-23.434949130327414,3.7980618113249007
9269,-52.11671584760407,-23.228911128124302
9270,-43.390474883032695,-42.0249685081639
9271,-31.030254608365873,3.1274762557128466
9272,-41.2729814461666,-25.6091713140017
9273,-51.740498788280945,-24.27670645449518
9274,-20.19866514096975,0.751182247529665
9275,-7.075800796295073,6.911631743745992
9276,-4.387613128132693,8.33652339836941
9277,-24.799138844426853,2.847013448442031
9278,-35.02723667920845,-55.72890660850536
9279,-23.26908881187988,3.0582413215546915
9280,-5.800228121745911,1.5528619181330143
9281,-19.860580238247326,1.8052478004155588
9282,-31.154191456412832,2.3402943246197916
9283,9.545483644987806,34.79420396328902
9284,0.8511524069163091,22.360897215604986
9285,-37.39072590258398,-39.04806938180698
9286,-42.930864096730616,-10.180579462505163
9287,-13.515372650511232,3.0247276541125125
9288,-24.948634951792368,2.5345091590973925
9289,9.946188241457417,29.321315755336716
9290,-39.58991851650572,-34.966564871117995
9291,-37.793896482767316,-4.245481720905117
9292,-51.36948067734732,-19.216061692184933
9293,-5.314532302285711,9.772401409715991
9294,9.63564386846265,29.302872469139718
9295,-49.312485133375574,-20.351893812201325
9296,-42.3224181835913,-44.58582285143636
9297,-40.852087449652615,-5.34268164935418
9298,-50.048540014799244,-22.930663122081214
9299,-50.543098788805956,-13.559105909055749
9300,-2.649139482299865,19.410281393474584
9301,3.182857964627341,20.449045260397433
9302,-45.52134403196349,-12.604767150463392
9303,-37.89896121879758,-38.23931743440485
9304,-6.015317171748423,1.718588248171523
9305,-7.420653107320423,6.072915906063698
9306,1.145132532816327,18.433953625962577
9307,-44.3846387575504,7.693609657161013
9308,-52.029654532299,-24.176863778809498
9309,-7.382903862006699,10.006889439718957
9310,-30.973583737772802,2.92289749341558
9311,-43.85679827675445,-43.69247819533783
9312,-49.578981231764466,-20.731589655950653
9313,-25.620743624254228,8.62004490317367
9314,-3.9974373602637217,11.051735954010752
9315,5.209527696907196,19.544789699655276
9316,0.2627940967324776,18.567156917194737
9317,-41.655434806948705,-6.7063866194523065
9318,-41.93665513906581,-7.126232247291685
9319,-45.410578029540346,-12.382368641050379
9320,5.6308552378494685,25.664473726946582
9321,-24.829374239238145,9.653479786267814
9322,-7.560668769597493,8.766572719509659
9323,-20.3433879936829,-2.2151299746952264
9324,-47.63699723139157,-12.486038858228058
9325,-35.82088480649424,-54.2390217231281
9326,-4.28778408644026,9.098899754493138
9327,0.35538636393701895,18.18324587255468
9328,-35.62916601017217,-54.45284064832267
9329,-20.76911505785387,3.0253788582456385
9330,-34.24559961781716,1.0335191070279652
9331,-49.399483692897554,-20.650517814720693
9332,-35.15732619304076,0.016408476866141677
9333,-9.598547969174431,5.561480953728021
9334,-9.8468255718302,5.404684243152059
9335,-40.6315664424855,-4.325184332876641
9336,-50.14987519741872,-13.154238533182685
9337,-40.22589562960807,-3.8394562997670856
9338,-38.021089238750285,-4.378544781203049
9339,-39.70591562174559,-6.6602873354467205
9340,-39.41114084548564,-34.3879075764675
9341,-35.161191920024734,0.047867205192127636
9342,1.9402816962773308,19.340983724012936
9343,1.7285532393872376,19.660414327125874
9344,-51.64707773355261,-23.986969998320202
9345,-9.012399248677065,1.8068597447176429
9346,-6.113927750674157,0.9568856978705216
9347,-10.152711573759694,2.847071435264973
9348,-44.51179884165037,-43.69080716931701
9349,0.9324873787035571,22.65846971756723
9350,0.8415884239559277,18.48788077237593
9351,5.995078634682291,25.95011111677225
9352,0.2674521268595842,20.352752181120962
9353,-40.23791207155749,-3.4719763144542743
9354,-20.35939701408776,1.8707869408481936
9355,-52.361261540319006,-22.714330651773643
9356,-4.90391695478293,9.977204366109088
9357,-50.83158048424821,-23.76847659466509
9358,0.036883922413878584,25.258325907231605
9359,-47.92577869968129,-16.475403026660825
9360,-54.80972297504836,-25.135915042926275
9361,-5.097901521756009,11.58366163523027
9362,-48.21594904824906,-22.246930978400037
9363,-51.02978519089755,-22.891670983659864
9364,-4.718927607508325,9.927472851543197
9365,-6.8713679740805595,3.8888374801383625
9366,-18.889093960693064,2.2944035910756013
9367,-25.64268454187549,6.802279727576823
9368,-41.962907692638495,-6.997704698378224
9369,12.389835820332802,33.56044765382415
9370,-31.186818454034874,3.2177634384390794
9371,-49.97937993706973,-11.668883496983
9372,-25.752549052576676,9.091004421651439
9373,-5.34325631973204,9.86964280507239
9374,-46.37107659200702,-8.625156083175417
9375,-40.66797750321327,-3.1905938338944377
9376,-29.137006225332083,3.051589074164853
9377,-4.847067283301529,9.940330368853749
9378,-23.76252953818576,-5.797567128037167
9379,-41.16103940603534,-6.0294204324587675
9380,-7.3678984805542145,8.772152531820662
9381,-47.56882561802834,-12.675315302034674
9382,-42.932073552122525,-43.19617116250984
9383,-6.5822824148760395,2.6480718875943423
9384,-7.163377764919468,4.223451695522736
9385,-6.154290167563117,0.5767595190008854
9386,-46.413665565933115,-6.394223800281456
9387,-35.7828486816581,-53.75132166573025
9388,-7.052211410031386,3.9166112392977657
9389,5.962276416350535,25.885298554116105
9390,7.660122713052885,35.55216150111051
9391,-48.794007520236654,-13.014285008750347
9392,-50.13916012378706,-13.843584125212836
9393,-5.094169442478174,-10.712542338682564
9394,-10.780931528118701,5.24443708544499
9395,-52.19861278053672,-23.083437514506084
9396,-4.252016310636704,-11.28662880270292
9397,-53.29104556393265,-13.648373865526315
9398,-50.3502876176343,-12.600423953206663
9399,-7.359890393364057,8.654175350152007
9400,-55.30917398174244,-25.289617295017397
9401,-23.456346369692817,3.429115690663837
9402,-7.570744720614164,9.844522451181673
9403,-37.55946748064203,-41.386052745263505
9404,-38.06657434713386,-38.65479350795287
9405,-53.63085838099741,-15.194078187778286
9406,-47.65452095994445,-11.601791403568454
9407,-51.53524357261821,-14.420682814426419
9408,0.7855929416632023,26.16317048459845
9409,-32.02269253021414,2.895374963072287
9410,-52.10796988128083,-24.242525740274996
9411,-6.3844848019402916,-0.21840744411042293
9412,0.5489042452515778,18.32896538577717
9413,-3.1545872630157454,18.664091306121023
9414,-34.06623195341576,1.367597927947312
9415,6.4383623929709,25.418251301037277
9416,-13.880612009321753,6.532472512900805
9417,-31.882982768307738,2.923367013621794
9418,-8.38149975659693,6.2134065964586025
9419,-31.642308472043432,3.5114294834126056
9420,-40.89311338628899,-5.508051334267161
9421,-50.84305090233107,-22.96121534866482
9422,-45.945204891110684,-8.525124334577953
9423,-34.90366181676252,0.2810489897733645
9424,6.123980074960878,25.09825915968714
9425,-51.237571811901255,-23.04664754907996
9426,-6.455297301486701,3.247645468914462
9427,-7.262814319277113,8.896961836710885
9428,-54.2945815204308,-16.138346645321192
9429,0.5954934424823881,19.26271658807128
9430,-21.866241993026247,-0.42881743254567384
9431,-25.798435012187173,9.230387338501922
9432,-26.191211839315017,6.354260969639666
9433,2.4387603628148615,-74.87804184839162
9434,-52.07704001584784,-22.149252103567402
9435,-25.81075043548992,6.66691831647581
9436,-42.9772962934798,-3.992315392603934
9437,-39.5363863624193,-4.239858119920769
9438,-51.57058718985906,-13.854156635956896
9439,-47.608776987471636,-8.536746648289007
9440,-40.42746759887083,-41.04380935451765
9441,9.51768041061592,30.358259120332267
9442,-21.19007030899596,2.8895181930541813
9443,-5.98770804332203,-2.8310015975034295
9444,-3.149205732221054,17.834959013974423
9445,-48.309844578276504,-15.913674317444585
9446,-35.62692375767756,-3.6761269364472593
9447,-10.00308503500711,3.9085851365877073
9448,2.0086150638303484,21.54636425521334
9449,-22.344895720299565,-0.5338232217069125
9450,-8.86397922497404,12.385850855317777
9451,4.661632523116262,23.879590001936336
9452,-7.654315895660981,9.276962415722538
9453,-6.473257049849578,1.2220577818754663
9454,-16.165892255000227,8.114325537454915
9455,-47.96746038616215,-13.674757436279949
9456,7.251742336900283,34.491410066736506
9457,-9.951507845931456,3.9467977925639954
9458,-19.184871999594385,2.557431949249004
9459,-49.81026230060274,-13.93206288749163
9460,-6.851192581624001,8.946464084705402
9461,13.236613225815029,28.979380308925112
9462,-47.17097427447022,-8.312648231318972
9463,-48.833987568339595,-13.067234765741766
9464,4.218736008468776,21.856594480832065
9465,4.185052429355031,25.49967744939721
9466,-0.6685571051195259,19.416905868539935
9467,-8.667597881690421,2.9487935754270347
9468,-54.79969639211377,-24.879221413525848
9469,-50.96560793035063,-22.611270922167602
9470,3.1284818229572484,23.318711223981637
9471,4.056258136616568,21.942148233931082
9472,-27.31331305066384,3.611617990788431
9473,-10.265706929016563,3.7144621173847034
9474,-7.67727409712907,12.089311877422006
9475,-43.242469712457265,-41.870766301394376
9476,4.394484659762029,23.14173805530302
9477,-7.414306202121962,9.061582028562123
9478,-41.106597143654376,-35.66638413661598
9479,-54.993441250100204,-17.979199935607117
9480,0.24251651793334444,25.717981508394935
9481,-7.014119858352322,1.7642845961161502
9482,7.552269586974042,30.942261994679658
9483,-50.11299434999777,-14.418293104448743
9484,-10.155041163806272,4.95935045852247
9485,-20.217371998959106,-1.7815373897213655
9486,-7.48106483723785,6.173996091275744
9487,-54.69869989455906,-24.74881844931669
9488,-54.74593031488335,-24.92284716701716
9489,-26.064279369334095,7.269794308524661
9490,9.547086531026856,29.592897966056157
9491,-56.502413390297114,-19.520852589898304
9492,3.103994239216376,-74.63549812265548
9493,-5.3236239209385525,11.146919766845338
9494,1.4156200499686855,18.595504478578864
9495,-4.624911624271663,16.911320177706255
9496,-21.562037898016737,2.6228938816135985
9497,-48.426863911820305,-8.478067332545434
9498,-33.09768819562978,2.4134615486456177
9499,-6.097104277998085,-2.459719225059968
9500,-50.388041230230286,-14.027123141632334
9501,-49.90085721864475,-20.82676005485052
9502,-26.14127035612537,6.815551804527796
9503,-26.025885679027997,7.475510493241738
9504,-32.443417890509004,0.5005047577053837
9505,-48.299846032883956,-13.593028962925091
9506,-42.80566425562577,-4.059979348365266
9507,-5.828469413809702,11.593264978769042
9508,-15.856405987418846,8.374199687002317
9509,-0.9356422375822034,18.876315809812862
9510,8.263142642283889,28.7749498708766
9511,-26.41482972663214,6.29594054892631
9512,-20.527375550546267,-2.2102661511436508
9513,9.330125265708531,29.95133390593113
9514,-8.191515369340681,12.933579163924318
9515,-0.887498768921092,25.980043765614642
9516,12.238677326769803,32.836406202168575
9517,-47.00993443473292,-6.150069227938012
9518,-21.021931995184925,0.894905692880304
9519,-3.637018635202164,-12.664604718552175
9520,-51.435536777010235,-20.966853548170818
9521,-51.85885823377213,-19.249199204829882
9522,-10.1935446344736,4.908353094839722
9523,-21.375681557242057,0.24890468077517425
9524,-21.07150715499338,2.4600553325878867
9525,-26.240989430803662,8.055991902465285
9526,2.8094561665183986,60.084998807904554
9527,-53.39405656110966,-23.731371190943726
9528,-34.958113285812715,1.6093887744508688
9529,-35.84142943229141,-2.416045442980083
9530,-34.65869061746885,1.8790209129570532
9531,-8.990360357148719,8.610814676606891
9532,-20.589959610915706,1.4845730467954874
9533,-15.913107484795276,8.473680787054434
9534,-23.712111345087198,-5.554127265472177
9535,-45.97395885149443,-5.8926879235969825
9536,-8.447107381132751,8.046674333823098
9537,4.511791798409625,25.198536573245615
9538,-13.7727674438599,6.56085784604934
9539,1.1085753573058128,27.77119148687219
9540,-41.16375118010644,-35.97773618051108
9541,-4.91547441375689,19.150571289053083
9542,13.298946851622398,29.0291308892796
9543,-13.745899878784774,7.39873653193778
9544,-10.348121572855112,2.8158173016043664
9545,-52.888643826534405,-23.397935034645172
9546,-44.97902379102709,-8.588603954623489
9547,-39.613511748415355,-3.310897752664581
9548,-11.82259725682522,7.880627534263931
9549,-6.4950783502596,1.0228935329632076
9550,-47.95848235056748,-11.84091490193963
9551,-41.0278307260034,-4.947051276100066
9552,-42.667622316152595,-4.690073993898419
9553,-20.695083855107956,1.1588363068966372
9554,-48.412395472200544,-12.527569315980132
9555,-3.199449434989479,18.49715498514144
9556,5.622427828766506,26.26933896179278
9557,-49.2672000198024,-12.591135488777466
9558,-51.83468832964769,-12.540991561835423
9559,-40.93546118073702,-4.978672835226638
9560,-3.18472262842079,18.028127854209586
9561,-39.62029585768726,-40.31691542031471
9562,-16.485871145786966,6.70654178827564
9563,-48.604176413485426,-13.10213600416427
9564,-5.107897167364186,16.29502065303435
9565,-50.77765618551622,-21.86264462684942
9566,-7.9814475393167745,9.532506972768356
9567,-5.2448575176770715,11.791797196453757
9568,-26.039687494441583,6.233628275076288
9569,1.0126653727161254,27.74174557050768
9570,-50.38878530143759,-13.76249164962723
9571,-26.182756460669037,10.290066258748029
9572,-21.498608374637833,2.494607544711262
9573,-52.31779250562489,-24.553211226627095
9574,-7.682075830572745,8.895678987162826
9575,-8.299137479834348,11.143597321048366
9576,-0.6495163391339246,26.183438137499945
9577,-41.31211420292882,-5.489425570347403
9578,-47.60314370397573,-12.634109132559837
9579,1.6247642688691195,20.035911354035555
9580,0.9857559999356792,26.55206693224383
9581,-5.2830361982757905,11.52095380417385
9582,-48.8338772663849,-11.255686875396973
9583,-11.294343530786543,3.0061270826533426
9584,-48.39851401462699,-12.192107474294609
9585,2.415556050944797,24.424655496370114
9586,-53.813996634323566,-23.355308843194102
9587,-3.3520145954500666,1.4540908829376147
9588,-4.837237256217802,16.936790243003426
9589,-7.659302893385739,12.19134786525376
9590,-21.881060525413208,-0.33134731455775795
9591,-40.91594451739158,-2.912436127301445
9592,8.195749626545847,31.432328705741305
9593,1.4774488710534113,20.854506680571127
9594,-8.12777405515994,10.314685975059062
9595,-52.32558967931153,-20.0286544059693
9596,-48.89863627470635,-13.779388741644173
9597,-23.714910146643803,-5.482896827286031
9598,-40.514711625882136,-3.150939571657778
9599,-4.777822489117026,16.92869658789295
9600,-55.02286135126519,-17.970043109928305
9601,-4.879406861941038,-11.088547453765692
9602,-54.119664961021314,-19.795396217683795
9603,-9.588060313559359,12.01038020249684
9604,8.291252830477257,32.718779215197124
9605,-37.888927227549274,-41.17369751146266
9606,-55.57297214866662,-25.297009056590422
9607,-5.651203995647921,15.81053407981306
9608,-26.24683755152561,10.265356979479723
9609,-55.861897574375156,-19.697999275287906
9610,-15.872602817068207,9.595571684956818
9611,-32.430057675803496,4.067699938531744
9612,-22.165429458666807,1.553119457656177
9613,5.442841286048487,26.54262994951285
9614,-7.169642000673077,1.563280416738333
9615,-52.65955730081067,-22.561684791491814
9616,1.697238618932818,20.327455388584003
9617,-19.99530675021918,-5.178914787796862
9618,0.9428065427295746,21.020108903687966
9619,-48.96814381607342,-14.236591816256858
9620,-43.79624551169505,-4.150161133864547
9621,-49.76066052578188,-12.362675619694619
9622,-36.59445764505277,0.39277292608351766
9623,-0.00900289148135133,25.36724695562077
9624,-0.2319100934893799,20.78412832038689
9625,-14.008230802572259,7.294682869703793
9626,-20.90399323769905,2.763467521622233
9627,4.151256653171988,25.885723022071225
9628,-46.02590751065531,-5.711637292406889
9629,7.555724886112365,35.39641421040834
9630,-23.756557321022694,-5.530809862782055
9631,-27.20383436632285,9.047447892624136
9632,1.9771994508854291,23.8065581947641
9633,-50.45129810447308,-5.93850712054481
9634,-54.13692381419447,-24.390518769682604
9635,-12.30975582818555,5.81150409494432
9636,-54.07547810034698,-24.141916353688355
9637,-12.735725186318875,5.840469060994574
9638,9.536177470901995,34.67286976771862
9639,-54.78605594531077,-24.360828593012673
9640,-40.96643470536647,-5.027202037635355
9641,0.030331925728603534,25.419319870262587
9642,-26.466912613557316,7.667822874869438
9643,-11.436689280990365,10.641307894492781
9644,-13.653199013378492,6.7464167963578126
9645,-40.971233264817144,-3.141578587802027
9646,-9.989326784379703,3.6718542635763707
9647,4.129795865554474,25.645403169798136
9648,1.8080132820424362,22.96380412603188
9649,-27.083405937875764,6.002899725118996
9650,-49.40294487197293,-8.759032204947172
9651,-7.997744982573788,12.010521385360517
9652,-56.00431103282208,-20.158676045562974
9653,2.9803023079647057,25.15568288098141
9654,10.90772805611409,32.37868947399231
9655,-15.201168859250018,8.475618432901713
9656,1.1020393248111582,27.128884858472176
9657,-23.009773392696093,-4.09237667320683
9658,-45.94634601492833,-5.725415151629162
9659,-6.99721847369988,2.1942074259140103
9660,9.663858885808406,36.97176259677959
9661,-53.305683475471234,-24.19475150336726
9662,-10.04812764985826,2.7733771888291505
9663,-34.794374842400906,-17.51119395623808
9664,-22.32822653814198,1.560559121787906
9665,0.5405140935795719,26.40217545884521
9666,-48.32801720379268,-8.407157391608948
9667,-7.9174845333857355,4.497899362393344
9668,-51.28105651200964,-13.244200344276882
9669,-6.049765814349961,14.414871613917647
9670,-5.3244850118201645,10.883496108148757
9671,-40.91094092545701,-3.0115441858558065
9672,8.12337062906423,31.0445335454766
9673,-10.067128706182814,8.430399837728675
9674,0.36673733055830493,21.337101740798918
9675,-20.854152031405334,1.0127720327897067
9676,-44.143407216710074,-1.337249666198329
9677,-7.627450306778625,1.3768011546025603
9678,-26.49070874563678,7.546879445593095
9679,-49.01550452556069,-15.54634417594197
9680,-37.93367672743865,-41.10776789811526
9681,-50.86076790713626,-5.6864262838575765
9682,-44.05427765274668,-0.41153316564416836
9683,-32.539208230820826,3.3018020188409007
9684,-49.41052298846547,-15.619137746573205
9685,-48.95540354482667,-14.13678568925209
9686,-20.71775774443561,-2.597482679244001
9687,-21.41843814540551,1.8851334703950697
9688,-8.377443356883209,9.68502353868576
9689,-6.048192247540422,14.528419310577767
9690,-43.88315434437192,-0.9906392265244452
9691,-42.85210893998214,-4.5368775756854305
9692,-48.30233765663215,-7.481961177736901
9693,-53.314099393386556,-22.9302081734471
9694,6.433440325047425,28.173081165587696
9695,-36.639219402935296,-55.57201937293224
9696,-26.60064024788571,6.95045461741671
9697,-5.105190477390445,17.814181452109747
9698,-6.128729971397858,14.447965535533527
9699,-52.598921808030845,-24.414173603978085
9700,2.1545156846503577,23.190140740663473
9701,-50.54368405052263,-11.70097606854929
9702,-54.24228042032196,-19.664428678514508
9703,-33.400573899535765,2.701618778504497
9704,-51.810943145875335,-6.275699942244005
9705,-51.925772488889976,-19.2212766005836
9706,-33.55957874165861,2.9225360464333634
9707,-13.637490073901905,7.5417246040286985
9708,-10.353601937385887,7.893363869523776
9709,6.3307638936943365,28.00477621992969
9710,-53.92030900727943,-19.358466269076104
9711,-43.25671673072401,-3.3671709170858968
9712,-50.75219032823319,-5.751520698372332
9713,-7.207706738127389,2.0349204129964655
9714,0.706049717909666,26.472117190698714
9715,5.822362396391838,27.368305112529427
9716,6.401672545143217,28.301139097923798
9717,-27.34624088964921,9.273321530885308
9718,-24.042137105917117,1.7490471547723923
9719,-2.6737311760004245,1.65011994754489
9720,-25.829627680242307,1.4719181229861324
9721,-44.181653443575804,-4.61386435699191
9722,-50.92734225476666,-20.872723637797034
9723,-44.434473183690244,-4.609671154551955
9724,-53.83047773471986,-20.907246736991162
9725,-20.68668694875451,-2.2272282506670837
9726,-35.775233769031495,-55.850541326164574
9727,4.290380121755609,-74.34081597638078
9728,7.520321675396351,31.220611839920092
9729,-55.417105021590054,-24.080822231287037
9730,-49.379571387773375,-8.816974768159634
9731,6.893629322872127,31.772413962393042
9732,-37.16186414786501,0.311639169610463
9733,-23.39011348379553,0.5943451367047795
9734,-48.84960384369176,-15.092122908645319
9735,-8.544016030364986,9.72076693756144
9736,-9.857280954843318,2.8023388344891167
9737,-44.325967510585045,-4.604966861453856
9738,-35.9892686591496,0.6197275396024928
9739,7.87752495730667,33.16367785257172
9740,-31.445985677934438,5.086233501054993
9741,-34.789138990997266,-17.473096866086454
9742,-6.2206009176793895,14.44422338960697
9743,-23.273465596295793,-4.3656796567636915
9744,-5.267787742720277,17.286340715941225
9745,4.141340685500525,25.79515583014426
9746,-10.480623082857356,11.693095846621908
9747,-8.659800501434443,11.870210366854321
9748,-56.44793445917691,-20.597489764020054
9749,-7.2704650647834255,1.7167599716434152
9750,3.4702558838768125,24.372884944800415
9751,-13.955626126132268,8.177589754877657
9752,7.075916424086082,34.58195089360155
9753,-5.691878394647106,14.846472414057558
9754,-56.21923608803174,-19.773250548461125
9755,-22.82267892827946,-4.573806249401138
9756,-52.8570226911715,-12.667118629954853
9757,-50.67335457436561,-5.705062077612385
9758,-37.76880147298866,-41.607019634791186
9759,-44.489853346902635,-4.658825772028736
9760,-56.25603731878447,-25.190602968438544
9761,7.236866687917023,34.89032972107735
9762,-48.97657321334197,-8.106244940253509
9763,-26.78571993160156,7.736196702967564
9764,-54.605303896760525,-19.538521224074376
9765,5.272102274967093,26.588651964538602
9766,-2.73925188075188,25.013353655370008
9767,-14.842238109983576,8.572225893974878
9768,-7.373101538168142,-1.3020354256016968
9769,-0.6214991089880609,26.210594479116125
9770,-48.64566680551331,-7.3544346661091655
9771,-16.59560462645199,6.904866442918455
9772,-11.622260436451903,9.950708876905573
9773,5.514004126721865,27.19134747056705
9774,-32.32152646123447,4.14991099492259
9775,-50.56769209920208,-11.97499254251036
9776,-11.375973235499755,10.445350188486
9777,2.8535644513313554,25.186659215765705
9778,-49.44426979505346,-15.441603406029069
9779,1.349356735245632,23.498216544312992
9780,7.078492309533346,31.640918015044576
9781,-46.1481136057117,-5.709973286989756
9782,-9.85997816348346,10.831137770425782
9783,-26.76156606590592,9.840408046191245
9784,-54.942050141536285,-23.46369559612033
9785,4.629606832892373,26.66120958854709
9786,-27.180583087902797,9.496568627592303
9787,-16.47010265988425,7.035512566502481
9788,-51.04387080820767,-12.036931510167364
9789,-43.15956938205392,-2.3052888109736105
9790,1.428760021927478,23.578713803860115
9791,-33.694571089055536,2.630333146355386
9792,-46.86632626356095,-4.881191632937887
9793,4.480368220659006,24.171656504521746
9794,-42.42583002027209,-2.150687109534377
9795,18.475097203385697,53.175050324987886
9796,-9.1262859337978,12.557955502090318
9797,-45.5830187625199,-5.330326459039992
9798,-23.598397069121496,-3.147355755608956
9799,-24.65311191195829,1.7782490736078351
9800,-24.27688175758793,-4.74380110682983
9801,-32.628975693767266,4.436401021528118
9802,1.5503502440023413,43.43693439489483
9803,7.065765188859948,31.617324493361302
9804,-50.5524291085159,-5.650697797536555
9805,-54.64317319101199,-19.80843487550909
9806,-6.11517421412066,16.0980804372992
9807,-35.460737584242054,1.5954672054171748
9808,-38.17299892656398,-1.4476626273605113
9809,-33.741697602617535,2.8264502113141425
9810,-9.083030533868106,10.619504331841258
9811,-42.72087054614956,-2.5200054571177732
9812,-13.812802067409374,8.592939997895831
9813,-5.691609121884506,17.14687307462645
9814,-31.1645220757424,5.469022195729773
9815,-12.763254059306748,6.095795485518928
9816,-42.95535099476596,-1.239693210506693
9817,-7.091476468446776,15.176152118742134
9818,-56.266917883277394,-24.96864609176729
9819,-9.146258788032267,10.615716351618312
9820,6.663708126449682,28.595767549680083
9821,-49.723521386679316,-15.65682622390724
9822,-23.257376172986234,-4.592726910257625
9823,3.207820865077295,24.095104706776414
9824,-54.66981657430409,-23.79415455023535
9825,-54.81013772005752,-23.66565503977193
9826,-48.972245680867594,-8.584611633188834
9827,-49.83220325007015,-9.029333661292597
9828,-49.37254877088233,-15.227794047654237
9829,-26.891044441832598,7.204813203119241
9830,20.125032962893563,39.22515410838952
9831,-52.95139056260353,33.55155519561993
9832,5.608940863022186,27.342078735833333
9833,-36.735497917281556,0.729197844544412
9834,-50.47318450921365,-5.679344066810659
9835,-7.650513616190525,1.9332908491970966
9836,-9.219349607895888,13.28287751902184
9837,-50.15215625260394,-7.566403028662656
9838,-50.69086938612177,-5.416655516643997
9839,-56.14129456393205,-20.012425256102745
9840,-9.596916571241144,9.440494359595979
9841,0.8998112950442793,27.22968906920245
9842,-8.53504371291787,13.55074216293869
9843,6.305391567098553,28.424106126298668
9844,-37.41913414698487,0.23245237867299026
9845,-54.24183064157147,-22.866883791778683
9846,-9.272484056486324,10.65834353324996
9847,-41.57078707553551,-2.6131421529751457
9848,-39.08991512121588,-39.95084277632542
9849,-16.664613085186637,6.845909165534047
9850,0.011992420040308238,25.7875998886828
9851,-12.493068568519293,8.903396840243921
9852,-54.26222561020164,-19.00874969282435
9853,-33.065980157794534,3.7638648202071687
9854,-7.3631161525023,15.1030698734032
9855,8.860924861217912,31.06027448582726
9856,-9.405767618692947,10.44818972534355
9857,-27.990116218233698,7.692662562540317
9858,-27.368625127106352,7.436545354517678
9859,-24.274809124498603,-4.715966472162679
9860,-27.308988241054067,7.770359194617897
9861,-2.5987210681485453,25.150858437189616
9862,-55.26709326774266,-19.520731337186366
9863,-28.464467341707177,8.4785180510701
9864,-23.840659095151626,0.9045229450121445
9865,25.74587266397106,33.480573644649056
9866,1.444139843798834,23.4759427746408
9867,-49.9285756610864,-7.423084898816787
9868,-44.1921714252434,-2.1339852979433505
9869,-48.50982201217468,-8.103616056441773
9870,-42.05258565411706,-2.224890466237448
9871,-9.709386031736209,12.146651924802155
9872,-23.819307478988154,-2.989272365034052
9873,-5.537500952232694,17.52577769919987
9874,-23.762056446647197,-3.227518727243728
9875,-49.35180391921341,-6.394478389816265
9876,-23.81431600929369,-0.12829174407504423
9877,-8.1636368686635,15.507989358456769
9878,-27.084349032287772,9.702383531121052
9879,-56.54370215579808,-20.7993190393132
9880,-49.77724054099332,-7.347772540649767
9881,-55.11038331412237,-18.376309610683613
9882,-42.79727996199076,-1.5040746255276605
9883,-50.26131428716932,-5.767507322782827
9884,-41.50996321821743,-2.5812566357506044
9885,-50.65349106859578,-4.7319359770040625
9886,-42.167229993347746,-2.698298522363034
9887,-5.209278093984336,18.82652548379254
9888,-36.609390480838556,0.9414451133390543
9889,-27.20566266178538,7.654019812202694
9890,17.649927688027237,34.29288551616689
9891,-38.57725221010542,0.3408589474160682
9892,-35.12814271320417,2.52078629692388
9893,-27.65623807137001,8.089082027504933
9894,-52.79096038536708,-20.36904293770035
9895,-9.201670674856658,10.408146329123252
9896,-55.35742560521889,-19.39121779940494
9897,10.444354929974764,32.33164357632385
9898,0.6190925020153276,44.27356872484451
9899,4.273003897084766,27.75665565724252
9900,-38.58690726736436,0.37559165070533085
9901,2.020383429306724,24.576671049247896
9902,-28.346301502291354,8.920670842969317
9903,-14.091603503804365,8.729769111731887
9904,10.333508860487834,36.14926528985843
9905,2.1866676633897235,25.446276344935157
9906,-34.470147327989096,2.850505680874376
9907,-35.228860838238475,10.179672664265288
9908,-49.15135506735828,-14.75680092976718
9909,3.5872242582429084,26.607301046931944
9910,-55.58596244732575,-21.42610417578646
9911,-37.12893368097939,-55.98183229460455
9912,-2.8238463049797042,12.356739302097516
9913,-14.580392115921613,8.630378959321629
9914,-8.572405004573323,13.631947655517346
9915,-54.47149831380071,-22.425890340779176
9916,11.244048083122516,33.43594834579965
9917,-28.051045946311127,8.595876437891476
9918,5.667640799173448,27.79962366027778
9919,-50.20472379823408,-4.814524193681347
9920,-42.538358713274384,-0.902008356868372
9921,-37.60011419868582,0.10908736522227698
9922,-28.02984440290783,9.148739264150356
9923,-9.341059715606447,10.40002194258374
9924,-39.3368140995436,1.0148425402678372
9925,-50.457173058254824,-7.537110831218049
9926,-42.659783241358994,-2.192861393145205
9927,-48.6513810457434,-5.4012548489784775
9928,-9.178126597937627,10.184567447716168
9929,-23.36162763164988,-4.509606723859272
9930,-54.678708172676664,-23.417443053644657
9931,-7.599571659327735,-0.9931726601122495
9932,4.788431721069886,28.4790264210125
9933,4.634244778700694,28.26853466554407
9934,4.903558470851463,35.75752752168461
9935,-5.669375978009948,18.13978713787901
9936,-51.74669451707176,-14.778681987821882
9937,-8.276648068940968,14.331380681374641
9938,-51.7394906614854,-10.686735076913036
9939,-42.73368543546094,-1.100141430436009
9940,-28.43085455251477,7.47697573201802
9941,-47.23104983246468,-4.861650767217329
9942,-28.412193006355825,8.599336818072494
9943,3.871756736061945,27.232767649983767
9944,3.5667737448893053,26.491090276578653
9945,2.958325461403353,26.648269351079637
9946,-36.48599289650306,1.3912588732923752
9947,-48.63694790852998,-5.006951593956874
9948,10.422689577754305,32.283351862678956
9949,-31.03153486059372,5.573118889901988
9950,-9.490822291372355,14.084318666166736
9951,-11.162202015320895,3.091178635686529
9952,-39.5017372289339,0.5324017376692
9953,-51.61289881762986,-10.736038743295254
9954,-43.46903262573705,-0.9566542002134122
9955,16.826431590338245,34.089818811660386
9956,-9.088581511050757,14.09830719904888
9957,1.4649732422577177,51.541898991445116
9958,-50.27956414491129,-5.015971372081418
9959,-49.653167351655384,-6.4176812138246175
9960,-9.018357905294721,14.054762854034951
9961,10.550320679740764,32.371686578844646
9962,2.4021885574234894,25.368796969217392
9963,-8.155208813821822,15.408152444787557
9964,1.7585329145060695,27.079087411019025
9965,-28.92211516586682,5.151429847597183
9966,2.9748356219180305,26.54100167583722
9967,-44.97788853475325,-4.452204113376163
9968,-28.756895234649228,4.731398378348673
9969,2.126290165362317,26.953428552944725
9970,-42.74315481507981,-1.5560960386031168
9971,-38.0149000779888,-1.6279643122818968
9972,-9.310640022147979,15.221885712645433
9973,4.080998960270434,28.168570950575656
9974,2.2981322361522905,29.934796441887702
9975,-50.85480632197825,-7.970424605027014
9976,-55.763397080743694,-23.32511782748103
9977,-10.991872521724265,14.866853253081022
9978,-8.24542894518522,14.986390528346657
9979,-32.94050962163592,5.722109018075002
9980,4.580129786114889,28.355177986541392
9981,5.822442728917867,28.63681316085701
9982,-50.747156535403306,-4.039474232122211
9983,-48.50657228316926,-6.47175018246948
9984,-38.382628751865184,0.4867352017186733
9985,-28.62918455019845,7.927824360626592
9986,-31.30357043696558,5.917306888389135
9987,3.3614783023719275,27.984019782172897
9988,-51.52196161806815,-10.118100076911118
9989,-24.094997939210447,-3.259398370707964
9990,20.445111736085675,39.168820607843244
9991,-48.75828962972119,-5.17445630971488
9992,-13.510762662781836,10.525459018336269
9993,-36.46169741802082,1.7986502903093344
9994,16.013074310591453,33.98702211253974
9995,-51.77012383812278,-10.57686135155086
9996,-42.17295870423495,-1.8466901734911467
9997,-36.41849361231525,1.7385252141352876
9998,-11.04005062771029,14.872195871844268
9999,16.87328496763126,34.12173304552546
10000,-50.11181604591009,-4.864649578960303
10001,-37.164086887038714,2.4549272360080523
10002,-29.04252777149588,9.81975190901378
10003,-39.38064135132962,1.040426347290824
10004,-50.4990141114746,-4.324746802976309
10005,-24.51394012931417,-3.5668654321395556
10006,20.562757369294562,38.66148910366385
10007,3.3979837910648354,27.229638338077898
10008,-51.608177087582725,-10.230193983023323
10009,-13.664344454048585,9.984474716151793
10010,-20.083732126042886,-4.956673572369649
10011,-39.50887601379493,1.3035513050817924
10012,21.063278594745253,38.12485251272436
10013,-52.31322475971788,-9.288455663659045
10014,-28.821925470168196,8.840816081201599
10015,-37.40718236009936,2.3789032878250995
10016,-0.9148347849766724,58.17387949881746
10017,5.063266709510422,29.149456345597123
10018,16.92878766369371,34.086285358617914
10019,-24.33398964736101,-3.610306568506101
10020,-37.988284053958694,2.2945142437991985
10021,-1.3997983188070298,61.89594752562102
10022,-50.21883812168811,-4.35176676188116
10023,-12.504013955949633,14.974111026489226
10024,-32.34387123232595,6.099729021439089
10025,2.4375691658240983,28.29781359362808
10026,16.31355473789774,33.918121486632835
10027,-39.397305201239135,0.7011187535491901
10028,-11.240520187130631,13.043230967668801
10029,2.496757308162107,28.301086156374968
10030,-48.87686160057883,-4.32345254412138
10031,-55.091142499924125,-22.25534595292527
10032,-12.336383178547708,14.870611966891662
10033,-54.94528630626294,-22.218094465625175
10034,4.233243514584064,28.901062265251305
10035,2.470790187578392,26.391398176545042
10036,-10.9156470430153,13.28941619725585
10037,-7.8494895704035414,-1.194905931267731
10038,-39.51165918396898,1.5461663428466357
10039,-42.24311294885847,-0.7143686868417606
10040,-10.877002660178956,13.29269307161943
10041,-29.200129411982196,8.151920470738537
10042,-51.93323647504131,-10.372346321610786
10043,2.12533305880991,35.067884059571846
10044,18.127341981989858,34.916759727364735
10045,17.0058387498966,34.997275423493214
10046,-38.58927845821019,1.561331285144342
10047,-29.157712609224877,9.95656807409026
10048,3.861999208156453,28.56599275791928
10049,21.06740434817477,38.354125351171135
10050,14.97898722871303,34.57451536331322
10051,17.571728396674494,35.46923483091888
10052,-39.02360506170707,2.413611293646171
10053,-0.5660660693314826,32.99748621480389
10054,3.93309084815144,36.19081462728633
10055,2.181122105749207,30.393793534588657
10056,-44.32824314976264,30.868165521347485
10057,4.414321335380326,29.987662833581478
10058,-29.478016450343606,34.356597499366096
10059,2.022665938094381,30.494855674385295
10060,0.05528441540065978,35.203086519526614
10061,-39.202929086361834,2.2280806722387037
10062,24.925272004499913,41.35168857004126
10063,-44.703306722789755,39.574097307443274
10064,9.709233831142356,57.03040220461478
10065,30.148089603412153,-33.167228089355
10066,31.852399986320922,-29.30237185788974
10067,30.166698462238205,-32.278344401725015
10068,30.11926214720597,-33.21591259745275
10069,6.159952438479535,-32.47060579789275
10070,31.41265831698485,-29.533686470731315
10071,30.2068466654606,-32.07184140002285
10072,31.717133206201435,-29.597708010651147
10073,30.666482652585124,-29.74028480341037
10074,31.513989699502797,-30.129156697395768
10075,30.484861993235647,-29.957615302863445
10076,33.470761132528914,-23.035145985186844
10077,32.87717622876238,-24.092591901448504
10078,8.24656089025565,-34.62361208482746
10079,36.993287534719485,2.478593153217087
10080,30.93068814362625,-30.606437567690733
10081,30.012662764799856,-33.50848057950597
10082,7.836119753676336,-33.977142996264114
10083,29.978588792087166,-31.739958187930622
10084,33.69381934428827,-22.552033281395573
10085,33.70719625409815,-22.640092871313744
10086,6.256915083213721,-32.47335821667587
10087,37.11401641993205,-5.036989529179398
10088,31.876281781873633,-26.91461901830758
10089,32.34929989108467,-25.138283230255695
10090,35.887695424277844,7.469824976585788
10091,8.183325187547611,-31.277170206684527
10092,30.249031692826232,-30.316321297305244
10093,36.794980807920226,-10.829947945229291
10094,31.046914978156277,-26.77438666211324
10095,29.939973329079656,-31.489846359948857
10096,31.793175515417687,-26.974293303145224
10097,8.039624746301696,-34.479487334044165
10098,37.15672026750839,-0.6550152618665904
10099,11.032894463947386,-37.4347553737169
10100,7.850512069324609,-34.03052634649351
10101,37.898171570305834,-10.331209456694115
10102,29.42488076145066,-33.18467687192187
10103,33.53162511462343,-20.993535832547618
10104,35.26984381256207,-15.324167158871495
10105,35.07621182875068,-15.805045460308579
10106,9.396045690095349,-35.61527456999038
10107,7.890456312920687,-34.271614020508
10108,30.562954466366243,-30.424649516763722
10109,7.739506038398927,-34.24637874751661
10110,7.553635649346428,-32.71086614331253
10111,7.328587097163823,-32.517625005255255
10112,6.889560643853337,-32.73123186354691
10113,6.509103937333676,-34.02305564484597
10114,-5.4399965248546085,-24.742124125059355
10115,30.15026511246831,-30.103784230071643
10116,35.321122666084804,-15.146715080440012
10117,8.239265609599602,-31.391183653851467
10118,32.28051794006184,-24.496852231740025
10119,7.401274188431019,-34.47645257397962
10120,35.57408175856211,-15.260997818973012
10121,10.831223703161118,-37.449873125919865
10122,-5.7865654116334735,-24.83590728206588
10123,32.48519245067254,-24.012295207630142
10124,30.220120319202252,-25.32328107868356
10125,7.143773312327669,-33.148162915686385
10126,7.27463013326366,-34.52409724967269
10127,29.212534730765856,-33.43318631327099
10128,-11.383720380753038,-15.670224471496292
10129,30.205815126842502,-29.828381312985965
10130,-5.855148922224141,-26.175201936985438
10131,7.558942149203892,-35.29525702766101
10132,33.52718924657911,-20.652828545733026
10133,-5.58401768629812,-25.74371868487832
10134,34.142706785688475,-19.625988964027226
10135,29.466042508488602,-30.46104612163576
10136,34.064386373400644,-19.710724254111135
10137,-11.145351956613359,-15.585163414456106
10138,34.44737545459483,-15.899863399644707
10139,45.25013922610636,-22.251120672880152
10140,36.3675813341028,-10.765911238556297
10141,9.34279265056848,-35.7013869743
10142,33.796028082365304,-18.920154801378114
10143,36.18621422199055,-1.9167579905161498
10144,31.05096536342799,14.888214831700367
10145,29.144252540971095,-33.52159424988265
10146,29.63824542925566,-30.72722619194069
10147,33.69139894876982,-20.307438379247746
10148,36.36212507034248,-10.771240287768203
10149,30.531073462435614,-26.913470352633247
10150,33.93188970923138,-19.713948735921186
10151,8.28835754650664,-32.73269636093738
10152,20.44556461348215,8.868111138280428
10153,35.30128189622191,-14.794555117174802
10154,8.620600092909669,-32.55605135123577
10155,29.195055017910864,-32.02712511942942
10156,45.265852799919855,-22.316326861498403
10157,31.639923535741136,-25.309889269348734
10158,35.56739832948542,-14.772198296946527
10159,33.147369776523796,-20.70955509619097
10160,33.518952224114656,-20.417697866863367
10161,29.079581132270054,-33.06556681417985
10162,29.956141619042388,-26.04691717963129
10163,29.14360811065171,-31.907317982591394
10164,35.101769361209534,6.129126302212309
10165,35.152071451265364,-14.300631807012861
10166,33.980517513242205,-19.189256213925624
10167,35.15408235082694,6.031142155536233
10168,20.932618662362184,8.820318744012729
10169,3.588339575031821,-29.09933131047999
10170,-5.898257616869943,-24.863656224982755
10171,-1.4926818289188746,-28.050834858168155
10172,28.011393285757343,-29.58379263432227
10173,29.033458936801125,-33.58529812531989
10174,33.67443869262874,-20.131891328636414
10175,6.686641135264173,-30.924841213867897
10176,30.360650717949376,13.571230793718101
10177,28.866195259418788,-33.34241574639246
10178,29.176344899703555,-33.30540022014901
10179,29.632791771458862,-29.381775059112343
10180,33.895394412819606,-19.344783946329702
10181,29.13125736482238,-31.927718812538814
10182,31.960049703062857,-33.55626863065052
10183,3.4953845928604905,-29.149370744163825
10184,32.83292809694406,-19.49157088526085
10185,31.78863667805098,-24.843280089318256
10186,36.439280237443,2.6257900830112724
10187,5.979207240934678,-34.02886837451262
10188,30.50338748676701,-27.162243928708804
10189,10.200337194298033,-37.644904850058374
10190,5.912209281283638,-31.17283158908271
10191,6.626353290035763,-31.090536079574086
10192,-6.296108001225876,-27.665125915692975
10193,35.64210829323129,-13.683688312943152
10194,30.87257362437994,-26.244675308234115
10195,8.051322332369683,-32.84015307664603
10196,32.81252373987221,-19.447094108361473
10197,29.757291350958905,-27.27769729549321
10198,31.526924506802768,-25.233657551846367
10199,37.119461246147246,-5.064813494944283
10200,35.49456778250918,-13.283591680869982
10201,32.546396774191756,-21.205270765679348
10202,33.71092441368645,-18.513146422539673
10203,24.82625556564744,-23.433377789487224
10204,9.431303968983888,-36.28103166449798
10205,6.289537424536928,-35.37587096174734
10206,31.855176108905372,-24.339775983963634
10207,33.64039134374422,-17.039805302290574
10208,10.278245093204143,-38.65741352366891
10209,29.394571950215937,-28.242635757797622
10210,-10.22258076985271,-15.484427191709507
10211,20.734515717472174,8.83525843094825
10212,-10.995702022176157,-15.412035148073915
10213,-10.063225765367196,-15.252683762778004
10214,-1.8350363978870716,-29.928304572878467
10215,-1.1713133878610087,-31.772262306551244
10216,6.496252817521112,-30.65442283698771
10217,6.634144471235449,-30.836548774485635
10218,30.952334001147783,14.329795244290562
10219,9.41855547015624,-36.66624744016089
10220,3.488222664711024,-29.12752410588998
10221,36.9047153419092,-3.147324370758954
10222,-0.15962617959076403,-27.010927901618686
10223,30.56232856036228,13.178986047757833
10224,4.2608731954756065,-29.544119709460386
10225,9.818191997478332,-37.23618688799597
10226,5.507204334265857,-34.85328246354028
10227,29.82712522497453,-27.089635999023233
10228,-5.671528051491329,-25.49739228210719
10229,8.205222376871195,-30.982098805573326
10230,33.84221448978798,-15.266565536037474
10231,-0.6498284594452975,-26.994026070423985
10232,7.939714040221631,-37.21809487050074
10233,-6.350599615284773,-27.56594294080486
10234,24.940822335529013,-23.532155323677916
10235,24.018861393402748,-22.735599376208736
10236,33.847064862133294,-18.759612134356633
10237,-6.362539835859928,-27.577828905658116
10238,36.52158929658033,-8.72540325378977
10239,-11.479134202884469,-15.688681880411867
10240,33.73104476444734,-15.349531165183217
10241,36.886091285220154,-2.6291124985818786
10242,33.41490543133784,-18.01871487910439
10243,4.778673924336437,-28.889092749482426
10244,34.973204695193395,-14.159562002397111
10245,36.3128110408605,2.6045122747086684
10246,8.167254087039575,-37.46611826475882
10247,34.139763089201004,-14.66533772695558
10248,34.63694644800033,6.351454810268825
10249,33.63124736852992,-16.0507076921924
10250,3.4415554724421304,-29.048849351228338
10251,35.53683528669098,3.7390799709774276
10252,36.75680921861709,-1.5201258865458052
10253,32.4900924724252,-20.046513111647812
10254,5.280356092166404,-30.691716736938364
10255,4.108483250825709,-29.490789177420176
10256,28.25498393575019,-32.97977072779656
10257,0.1288769788391444,-30.968511344220598
10258,26.694183575292563,-32.1274351936855
10259,30.968541515665965,14.52792214612714
10260,30.5489983943887,-27.155797999515958
10261,25.4323111425943,-23.300497138484555
10262,9.607752607289004,-37.305706225213136
10263,24.152928814692682,-22.605676876963436
10264,32.17375111747361,-20.34177233986124
10265,33.6190298234063,-15.016492229740932
10266,36.03862401709839,-10.469880645087423
10267,35.10613084470396,-9.370238568345522
10268,0.8681081549151037,-30.77570353032266
10269,33.54210989816367,-19.668485971011542
10270,33.145628273129134,-17.605620289449746
10271,3.106477423655188,-29.167991265755266
10272,-0.6663041950560545,-27.174099414479688
10273,29.434117968463593,-25.608080194306172
10274,36.33751975490912,-2.1415681495086143
10275,-1.051880380101382,-29.432531187531627
10276,28.43967676959499,-31.66652995916608
10277,36.75330149659392,-3.2268197510180454
10278,-1.2940042806409724,-28.288507919104735
10279,29.2821769218992,-27.410086715523907
10280,25.027367630394277,-23.349929350578805
10281,13.433251555977384,-43.756325452380665
10282,34.84156856789692,4.99196393124512
10283,31.5812394790264,11.81804940960932
10284,35.81877783115495,-11.022674457153862
10285,35.279257653086304,-0.8467366333313291
10286,0.19738683434582638,-27.07872613303621
10287,28.939657115177532,-27.597087133249392
10288,7.943929684109391,-37.295180134966245
10289,30.897897328087726,13.575302003206552
10290,27.70571582153929,-32.64193112893263
10291,34.673743989325544,-2.5001985632026815
10292,34.91166219149063,6.550213396194409
10293,35.14288210390782,-3.24383536598147
10294,34.93845991543535,-9.647112007635014
10295,4.953772803256075,-35.21477425199369
10296,-2.441630392738617,-29.77804449572528
10297,27.85950227773864,-33.17338699211847
10298,31.938265666232144,-20.15832921612774
10299,-0.6543206519154201,-29.35139742464455
10300,12.639967865800106,-42.942133928534496
10301,35.748783891173915,-1.535960005564874
10302,38.00044448930047,-9.882134468129216
10303,33.24753462271956,-15.45084581438302
10304,2.5852592686551965,-28.907311664768727
10305,33.26514694099522,-14.201282698651001
10306,34.83641501901113,-9.787286496744091
10307,36.512516675688616,-2.690149167863458
10308,30.221901886986497,-21.8938770641112
10309,35.50069268973218,3.864874631681711
10310,27.948458699901096,-32.781372836613656
10311,-6.732551920877653,-23.464654413425656
10312,4.590009230597037,-30.263817425358923
10313,5.757857593293324,-35.87174483420712
10314,1.2609848627931222,-28.984291356993573
10315,31.508352003456707,11.855881611776821
10316,5.0337895698351645,-28.986045727534343
10317,34.90887757468836,5.137441494973149
10318,35.51980994312489,2.4638776990653444
10319,26.070213674900828,-26.96639138063273
10320,36.84984479468135,-1.8696749214178119
10321,30.675039956094878,-21.151499851194295
10322,29.767482944446126,-22.734537216511505
10323,2.8054800983984642,-28.8744755785369
10324,9.908364180043268,-39.368444124931976
10325,30.105801015092602,-23.230470526073933
10326,-2.1014578591438524,-29.6175863639564
10327,34.44356747349124,6.121550144539799
10328,-0.23732582897963658,-26.911907784998945
10329,-1.9877936891749237,-29.007435371344478
10330,35.340166881136476,3.788344616951477
10331,34.96205065883802,4.976430819014914
10332,35.89773590877214,-3.690572969596657
10333,30.743132209124273,-21.06714593269255
10334,6.301008355398183,-37.0866022349145
10335,-4.634040241294841,-26.507173659902886
10336,26.037170665956925,-31.806887333811442
10337,35.32614422513012,-1.3295667114911032
10338,30.21491136102607,-21.739965230445996
10339,-6.4812737834240215,-27.31600500400457
10340,27.82278608832625,-32.81621803206631
10341,-6.286540185346156,-28.542090165569594
10342,31.87089422048194,-33.57671356952855
10343,34.825486093161715,6.453714092689456
10344,30.857918935261313,14.444464044337746
10345,28.600495804105456,-25.079969138037168
10346,-0.8675757069931098,-26.998455454035017
10347,24.265947195221504,-22.292491596944547
10348,29.295596888224278,-25.700218870620684
10349,4.60231781623071,-35.74684383017736
10350,35.317129204589776,-1.224249971937738
10351,7.333962255697843,-38.34234265073133
10352,-5.911226333264695,-26.47011911545866
10353,-0.3530938918390162,-29.43415789739115
10354,26.08589779739133,-21.866307833755606
10355,35.26965310965534,-0.9329890913296044
10356,-6.528906909917545,-27.502639612607553
10357,-1.1251784672374556,-31.37442002267232
10358,-5.9662205744455195,-29.071947059948137
10359,35.42061360215695,2.015272238629804
10360,34.687849448974745,-9.910693426779083
10361,30.238991301689484,13.253513610670142
10362,35.499746965963595,1.6747262361365531
10363,28.241589966397573,-23.814010241827795
10364,-1.1267978358202784,-31.532236267947933
10365,25.49483777899793,-23.00249392413628
10366,-11.628153851905033,-15.723561494705063
10367,35.624462101318514,8.650169221045614
10368,32.81172458571357,-17.298919178018295
10369,28.181929639318405,-23.894694740188033
10370,36.77987242524801,-1.5510959778060835
10371,23.54712149215214,-22.911552924409527
10372,24.012219027955908,-22.450475001000456
10373,-1.5266931179298586,-28.20096160436106
10374,31.559243922196703,11.795957323802298
10375,28.922227738862343,-27.104289297496653
10376,23.653365988832345,-22.867932977407325
10377,8.153578023760925,-38.62847303063737
10378,11.507271228251481,-41.84270960312728
10379,0.583106013438235,-27.691572264330755
10380,27.685131299289655,-32.08126054358596
10381,4.886660627917832,-35.730521328486596
10382,24.701570745792218,-20.299433805021856
10383,31.517817924769595,-20.155069876040503
10384,25.82397045174065,-31.395671384182876
10385,34.687024951079806,6.541986436674543
10386,32.891994873347585,-14.401475118140125
10387,-7.731163083151481,-21.398141571720775
10388,27.945798405889878,-32.2999453978809
10389,-7.023319102592575,-24.604908004075142
10390,36.43952027328572,-3.0092762255365266
10391,26.289096064467486,-21.68103905743212
10392,35.430863626977796,-3.938156414937502
10393,35.585412918838124,-2.4985467800436725
10394,-2.4798642521295986,-29.526927350131615
10395,5.181728806571547,-31.637122189695763
10396,35.381569574366516,2.184891704234944
10397,33.771973334478446,-11.925021603200781
10398,33.39501447495544,6.659008626363265
10399,26.571130086626702,-30.112675775740087
10400,30.906033388733178,-20.647186461604893
10401,30.657923939868166,-18.909777311997566
10402,33.60802957084256,6.624486747127005
10403,34.80837870830563,-3.802226526853176
10404,34.777571024480544,-2.6011513326052795
10405,3.880547525483203,-35.41465136007506
10406,-1.0462918103883139,-31.412267566462205
10407,31.6403874813452,-11.13420992352664
10408,7.5111956009370555,-38.59232635624165
10409,8.527034243213075,-38.91451135237555
10410,33.76555239689979,-11.958520122441424
10411,-5.751453616738415,-26.666568435956624
10412,-7.898175624227487,-24.23830572787681
10413,5.543410325341393,-36.066128564591125
10414,32.373132247871105,-14.72954092571714
10415,36.2510654026387,-8.620156740262145
10416,4.334563858633994,-34.412281066460125
10417,25.210606724490617,-26.3183182757121
10418,35.9415430661943,-9.819278704116906
10419,34.36713814807331,5.562965207798393
10420,27.34417232091568,-33.38028097584538
10421,33.75745700662481,-11.840132939976083
10422,45.105239017254426,-22.95046358675435
10423,27.623629677178837,-22.4697961089238
10424,25.787733853457915,-23.168481997682584
10425,22.679167979741376,-23.49518800506702
10426,-12.74439341280939,-16.328264496210057
10427,7.155483565918374,-38.36446631706962
10428,25.1411407701689,-22.392245202319707
10429,7.925701312697624,-38.891888116254485
10430,27.523214563555648,-22.459108939228745
10431,-7.033133403730848,-25.590525796837408
10432,36.1698271869512,-1.7967558801059766
10433,4.660896418960929,-36.08926065165278
10434,26.612552393779417,-29.973060575230214
10435,30.02132102605451,-20.225892353863124
10436,30.155269330477726,-20.843102037080595
10437,3.810521656866576,-32.70059417018285
10438,33.25331551310015,-13.130651321085395
10439,32.76762368269569,-14.127677397994338
10440,33.02116554370648,-13.914366202060613
10441,32.38887119103365,-14.554862671833995
10442,30.180210844729615,-21.926933837189363
10443,44.91808756986757,-22.95497858353662
10444,7.770546009728642,-38.991421372918076
10445,24.259973926144145,-19.84734527653967
10446,35.70607918797824,-3.6784125413859226
10447,28.57049262019166,-27.786994127011504
10448,32.49328658571855,7.417117755632679
10449,7.401030780209005,-38.536369840609325
10450,2.0302207796597393,-27.819877855792964
10451,1.3473254899123177,-28.824803884064554
10452,3.127343728224185,-35.47348817780738
10453,5.1396748295776185,-36.27094865318279
10454,34.84720152841777,-3.363828066592411
10455,22.004516953278333,7.606768192650898
10456,4.768715640414532,-36.59176972100378
10457,19.32849798034645,8.439804329532112
10458,30.093850550112673,-23.079295567281743
10459,31.57247506622431,-10.87971574641894
10460,4.622562435730846,-36.6098492594596
10461,-7.037421014801197,-24.273270394386444
10462,30.629330997653987,-17.73034840137667
10463,6.262233187665225,-37.568623932056795
10464,-6.864543904593446,-28.24173864585411
10465,34.982708331407224,-2.5331194427367905
10466,35.3533658347983,2.0040847742529686
10467,-2.601367047650616,-23.541311775179206
10468,6.1225799325642285,-37.66590541461706
10469,-6.861185719869948,-24.266308087776018
10470,44.89697476288449,-22.9242225223464
10471,27.757533324468778,-24.206808621735906
10472,36.076406089355196,-1.366129249073379
10473,11.527240643345278,-41.96318599935766
10474,31.51272584870393,11.849750540829325
10475,-7.062795332707966,-23.689465324933135
10476,3.5648114745506847,-35.54653192152871
10477,28.293430266509183,-23.946637803486425
10478,34.76474117760583,7.021319390722721
10479,23.273200632571903,-22.29693365114508
10480,1.9329600600468104,-32.8088364973887
10481,-2.8214525657202816,-28.833217259871137
10482,-1.4917601528761364,-27.05966247066453
10483,30.37316728807391,-20.431099578420774
10484,-11.975092338999303,-16.092002983220045
10485,-7.100036331216104,-24.80665405282689
10486,4.790667772226058,-37.10663850125931
10487,31.082836599462436,-14.891218649040777
10488,26.676357419279757,-19.994362074819687
10489,29.692767422183913,-7.550085692017495
10490,23.35403774934383,-22.73461090056369
10491,-7.371310013847296,-27.382529317350127
10492,29.61642074390575,-17.605740516427495
10493,29.95774397053426,-17.44887115643791
10494,24.629717655133856,-20.006105515335573
10495,30.045917033446386,-20.21404263774337
10496,1.370253611384067,-28.679324873587376
10497,10.567018066619678,-40.05638958793369
10498,-7.145193372739639,-25.003618430963794
10499,35.111079434677464,-4.232475642201152
10500,27.621243366275753,-34.04196402297384
10501,26.097784066462232,-25.966014577320188
10502,38.18836968270186,-10.499840432117562
10503,26.69462205429852,-19.959885768244533
10504,-3.020632913872327,-29.641297193259604
10505,32.036417624238496,-9.704031002882399
10506,33.771247013425864,-4.34594378473088
10507,2.6870629567002484,-33.779422360788665
10508,8.012115349952001,-39.43923384606663
10509,28.68781163139897,-24.312063749391683
10510,33.378777506178366,1.83437181752324
10511,2.5462608349342903,-35.43665187040204
10512,24.868586973214196,-28.224179796222728
10513,29.4656653060122,-18.696799371765607
10514,24.680113349492068,-20.635098413439877
10515,24.598301269851447,-19.95035225907218
10516,31.042934444979885,-15.098467441219075
10517,-7.251365389871361,-23.740487159572663
10518,25.425672878037986,-28.01303374929652
10519,9.072119395847762,-41.96549308093306
10520,6.16649354605301,-37.38584956547926
10521,29.36870260543265,-20.89361403065851
10522,9.043699276044219,-41.626164275688026
10523,33.74539541347114,1.6096272659486996
10524,25.77895333913604,-32.21774307288612
10525,32.38001333444869,7.87116909092216
10526,34.697835713916525,-8.402743274044706
10527,29.98171003983247,13.284029301105658
10528,-7.348660119942983,-27.200656773971104
10529,25.061827998112374,-32.067441369746085
10530,-1.8862773197375837,-32.42910406550915
10531,1.582939985509547,-27.84970172949942
10532,24.45144833003355,-28.361949588382785
10533,29.9924916936052,-16.130797245308468
10534,5.1868765061639515,-25.04015310405857
10535,33.84881298801726,-4.3554267196222325
10536,27.485101190835692,-33.993550375934525
10537,28.444687432319416,-19.839614522528358
10538,-2.9143423014218683,-28.119272913288942
10539,34.860863079181485,1.7935082615105737
10540,8.027068063438143,-39.49885953670778
10541,22.722924369678907,-24.217974821310904
10542,20.607293665430767,8.907880687382017
10543,34.778224148785974,-7.534169226402544
10544,23.946904047819004,-24.562621759977908
10545,2.5113826414071614,-27.538162162271412
10546,23.34611532773031,-22.774093431044616
10547,34.50360559271268,2.8873087921458565
10548,-3.2708507892544887,-29.04930604447347
10549,23.70870689263508,-25.839859612174763
10550,26.49170682682813,-20.010749977172
10551,-1.9464006150378184,-32.405913337392555
10552,-10.16737799391763,-17.327192167026208
10553,12.729498950731372,-43.98137018985461
10554,-10.37255550582865,-16.68865282241743
10555,22.178073710505064,7.515671871269539
10556,25.963573341177874,-24.573343598093768
10557,33.01691947524299,-12.772747903399774
10558,27.087487072955902,-33.438680487645705
10559,-3.2234319248636076,-29.40972079863858
10560,35.12914794310945,-4.370371127800929
10561,4.743213990425767,-37.350517957619644
10562,-10.214746870177992,-16.835376731610356
10563,11.779261458188447,-42.889309794726984
10564,30.386386327680412,-18.0977209021015
10565,34.324198667397326,-1.2539642795237684
10566,12.242679203744013,-43.8579105292119
10567,28.35866545996356,-25.129264273892563
10568,33.628109303173005,-2.915968828594602
10569,26.866583489620403,-26.885922457454214
10570,-2.038371229596736,-27.07622549832321
10571,-4.372985728426074,-26.940609654645442
10572,25.810524428476363,-26.054260650189665
10573,-2.95556438207255,-27.39333362760973
10574,28.816906639231153,-17.676390525121302
10575,22.729262325453348,-24.241200630654358
10576,-3.1821193876094362,-29.81728519354087
10577,6.99478603016229,-41.69861228870866
10578,2.5106515174717394,-33.750156243767414
10579,25.360845591267786,-30.683795222493547
10580,27.04277941240988,-26.79136582504718
10581,35.95195499327009,-9.265491491531558
10582,26.57988732218002,-19.936461041637994
10583,2.336506404823173,-35.211488878431474
10584,4.323303978836497,-36.828268956258015
10585,23.687979392330494,-25.389769900478573
10586,2.7343756231075345,-33.82276732416622
10587,-3.8326574551513772,-29.17577666479496
10588,29.685553936822895,-23.41357805024293
10589,25.024227079587977,-27.99598767259037
10590,2.7456936049168386,-35.74373767908795
10591,-3.518567347451227,-27.704934365276642
10592,27.667928742708792,-34.609868783208746
10593,23.74805499384999,-26.35898026145502
10594,4.645780861361606,-37.06429254772018
10595,28.843472740690956,-17.0448525914321
10596,33.75484110937969,-4.156949629782323
10597,27.66953618142373,-24.23325288558769
10598,34.68265055360048,-7.38174129712157
10599,32.101132437103075,-9.139408139000109
10600,6.951731607161007,-41.91226873061146
10601,28.79234444535403,-21.15905836789318
10602,32.90586393055913,-8.722440863021784
10603,-3.100483536184766,-30.12199708081879
10604,26.866584025426697,-19.668516770791072
10605,9.810663937203635,-39.82248016425972
10606,-4.923815877817094,-26.50341866660992
10607,10.411398733628204,-43.10488567484049
10608,31.05311222898292,-14.527286070695544
10609,26.18461460253259,-26.1531355566645
10610,27.308935275651944,-22.467795229701125
10611,30.921700364044543,-14.784170238054646
10612,-1.8391174481860344,-32.60732197127137
10613,1.1707302098368126,-30.84692639177824
10614,30.240408047059073,-18.0657253601725
10615,-12.17660547284594,-16.07971118551945
10616,25.569753667902003,-32.27398549116948
10617,32.18997097321762,7.270446334749141
10618,9.893689432589502,-39.83727568712226
10619,-3.512444862484173,-29.68208828992054
10620,32.812250534568946,-8.733665305154098
10621,1.4733595771895174,-27.512600498727206
10622,26.205904572163277,-30.845638982995915
10623,23.69745488854329,-25.494339096722793
10624,28.41589756911273,-27.823557650473575
10625,26.221316478777407,-25.038098375836675
10626,33.725095007008036,1.627247282959718
10627,34.57589532347538,3.127986196493047
10628,-7.740648879686953,-26.881118917983088
10629,32.866992804166166,-0.006668132666746881
10630,-10.731288688136498,-17.091897525802203
10631,4.7980398037661285,-37.94886000886948
10632,8.457919433618725,-40.59249700025719
10633,2.694405215404159,-32.92667777652217
10634,30.17820037951153,-18.217294380804056
10635,32.04059777693488,-9.073888640877573
10636,31.074494017330515,-10.783304188107602
10637,11.979894301718087,-43.61113102182463
10638,27.567011469534158,-24.383365404667916
10639,26.10756704001832,-28.199648942883382
10640,36.58064960248965,-8.163660224961259
10641,29.888273692348235,-18.289675612636735
10642,29.31134875852428,-8.17515318831025
10643,-7.540460322426497,-27.348787442464708
10644,27.2758968710048,-23.077161693275823
10645,31.168176333624128,-10.626112349502417
10646,20.86454941098026,8.717787479331758
10647,28.636558824929992,-21.145765471000676
10648,25.444042854847403,-33.22236269104511
10649,23.18601090031532,-26.41813314274978
10650,24.560724948629606,-28.199179840624957
10651,8.12994103392631,-40.208565189462846
10652,12.709381447702407,-27.412343859167546
10653,-2.4431116426868167,-33.18932332126551
10654,1.5921708366257696,-35.74473309455735
10655,31.55472147195937,-13.552861848029531
10656,2.286878232901284,-34.00102413551081
10657,29.281733145118046,-7.96769103866619
10658,33.51407927092567,-3.418139219908286
10659,2.2219317643261554,-35.96265345554255
10660,34.05619662554936,-1.5242997841583192
10661,-7.718510379092578,-27.703521257046127
10662,4.942813114920491,-39.03571446872458
10663,29.221009859691666,-23.91835075518161
10664,32.189573528218965,3.2306149903308405
10665,29.48074390443776,-7.4935728252793625
10666,24.299175579986574,-19.235827326184438
10667,1.5531443283456767,-35.54154762374336
10668,28.21089801868057,-20.16934875684221
10669,28.3541412727226,-19.86556260741274
10670,1.1052295545394868,-30.828705620396345
10671,31.554149981220977,-13.535047141682357
10672,12.26555659903793,-43.767539577667364
10673,11.105607884842826,-41.91353909869641
10674,-7.753781164071947,-26.795975213763477
10675,26.635755326625844,-33.091723561692746
10676,23.85120189686735,-26.005823472058623
10677,-2.5421200953697722,-27.06196831709971
10678,1.31495041361864,-35.61834802770918
10679,21.83413770667675,7.7457944613832295
10680,-3.56931423785171,-32.07833482122141
10681,-9.20194728850302,-25.37507032282556
10682,31.208317070195072,-10.671936776915645
10683,29.661438651385915,13.447695443737539
10684,1.574956962945343,-27.73339575559575
10685,32.23000078823106,-13.968498593396818
10686,33.4133201215665,-8.06732830644774
10687,-3.4744039486004232,-32.118624219275155
10688,29.248094773339417,-6.321971301530403
10689,27.576086987790596,-34.64960590282604
10690,31.223372968555722,1.4822447410340285
10691,24.707408496406135,-30.526204724351224
10692,33.619335944327474,5.256853475162332
10693,31.106604006991798,-10.298475377758615
10694,24.622322440615367,-32.02881948821298
10695,7.613048505294675,-42.2944459831499
10696,8.092080323990015,-40.24412644122432
10697,32.158091808229734,-2.1238680624846307
10698,6.864384515074073,-39.77128889199295
10699,-7.457712665549791,-23.940628137545616
10700,1.2438127926540354,-35.01278698289178
10701,32.139947183533685,8.007803981174309
10702,33.14568943347429,5.384551859801627
10703,25.35043312301137,-26.390440093721242
10704,31.230281470620007,1.3963940547106648
10705,32.356561256319324,-2.054809812832428
10706,-7.597682746504224,-27.406499098316292
10707,28.4715389782097,-19.01583211599135
10708,6.791373997931138,-39.93361654351859
10709,3.0878710665028053,-36.76587865989798
10710,11.737246309157213,-43.751313397560736
10711,-3.242944302686751,-30.320327306338253
10712,29.025444680871928,-18.613304576103545
10713,-11.029262014815178,-19.455424527754243
10714,36.36394511516378,-8.197704343683306
10715,4.990995589509623,-40.27453408239431
10716,31.21527943744989,-10.022879813761104
10717,-4.353158573921666,-28.098223337418602
10718,-0.538998478868629,-35.3576749415603
10719,32.297129302298124,3.9050841453794494
10720,21.152175618089856,8.578798838659758
10721,2.7580537585168132,-25.991811833767343
10722,25.525723335021272,-26.205272465063107
10723,31.547002387537233,7.368325782122207
10724,-3.6771762924120766,-32.302551808701395
10725,31.041381046361817,5.899898759989153
10726,24.16747742790884,-19.07905170542795
10727,11.363050162334128,-43.49047206444854
10728,-15.047029057431299,-17.22378142968382
10729,32.00000435150711,7.044131193505927
10730,34.08896769418943,-6.3749090776907185
10731,21.98110739070162,-23.876574601457023
10732,-7.436838943320641,-24.016390702151767
10733,-4.286578794271281,-29.280796655419437
10734,-10.380452518838167,-14.370206235629336
10735,28.50351215102621,-6.946110488847727
10736,-1.1661513037918747,-23.78687605422293
10737,32.01628782457742,-8.178622865458477
10738,2.3508398845850067,-33.186128011701896
10739,-7.933303741699724,-26.712039817170037
10740,29.035495794262708,-20.270347411436916
10741,-10.479042964787533,-14.399524879904229
10742,10.002077935227424,-39.84627995209903
10743,0.8910228616669763,-33.965074087832555
10744,-0.6051843597984539,-34.34107182979818
10745,28.12057848168403,-20.92867874338415
10746,32.040366552134564,7.695432818014175
10747,28.589191191200154,-21.574703478056286
10748,1.9688992096695312,-34.36339878212374
10749,32.64286910411867,-1.9667235251282873
10750,12.828211773131596,-27.523357514145815
10751,25.592416032206224,-26.268402926254282
10752,-2.0290096444362553,-23.738074102795316
10753,11.362862292723081,-43.494712567663505
10754,4.487052160271177,-39.01580348060202
10755,26.12032416879977,-30.67372948029433
10756,-0.561411522215303,-34.30481044207401
10757,-8.90159504808599,-23.864291038269712
10758,32.73133438968814,5.194412719370593
10759,31.255648869887153,-13.393511274696039
10760,4.675279297818802,-24.50709058517168
10761,32.220750982685665,-1.9795645083721845
10762,25.576687714160276,-17.97062767496037
10763,1.4216641360233506,-33.439481231694586
10764,-0.30632786568002063,-35.179399564092066
10765,0.09136918143975584,-38.44010014476243
10766,24.436862116184056,-19.01549109638213
10767,26.253195888732414,-29.22534800385492
10768,22.123594906870416,-26.284915393037213
10769,12.57430619496918,-44.03176182243921
10770,27.31640812777445,-24.506345675445832
10771,29.325796621799284,13.953513013569697
10772,5.849192041613931,-41.343178200676384
10773,-3.438118441677401,-30.30075420739832
10774,8.22911470226664,-42.746549575100985
10775,-3.9067832793814175,-27.926685661964154
10776,30.685947434359132,-10.806058833785158
10777,25.626503233996754,-18.286256457563997
10778,2.092512096703272,-40.709898208154975
10779,29.914259963467625,-18.919562066875855
10780,1.5282406925307341,-33.43748769831253
10781,32.89158487608912,-2.319898495964995
10782,25.984745643344436,-18.171355622268454
10783,13.720680878801122,-27.349648332988185
10784,7.56096815751544,-42.38739144730337
10785,34.77547340565436,1.7411903441528387
10786,1.7360632372099523,-33.4348149088807
10787,34.389628964489916,-8.34563385563617
10788,2.9666529051586568,-41.2717652755427
10789,31.142168865699826,6.722016035225709
10790,25.243888225721342,-30.726406142457385
10791,6.015961380728239,-41.487664574305974
10792,-0.9107027128496645,-24.837658554678768
10793,1.572734679758639,-36.1421660360863
10794,25.82644293905884,-16.123656945103182
10795,-11.072949357098567,-19.685617785044958
10796,8.027542293779588,-40.383976061311074
10797,32.9602773675109,-3.2343228510881277
10798,11.72097521636037,-43.38063746913873
10799,-9.152277463107431,-18.549816953640065
10800,4.567093655336058,-24.398715536826668
10801,-3.3191974541639393,-30.95937527891875
10802,12.707795986555904,-44.054676086366385
10803,-10.987439918040346,-19.026624878133475
10804,-8.476908463429984,-26.3611224034524
10805,32.406795284280754,-2.0243767932517347
10806,29.189207974692877,-6.376055939556209
10807,-3.675853000336207,-30.154752215368248
10808,4.522739816734465,-24.22985969933609
10809,-2.410416310704216,-23.510955800699314
10810,1.6467887150665788,-36.5625238106641
10811,31.370882405189416,7.3901822969211795
10812,2.8889920090544488,-26.30180315796953
10813,28.282814147424943,-18.892171558259907
10814,4.841997035743935,-39.867773185279816
10815,28.25187554001858,-7.285580801211863
10816,2.0157340201685328,-40.81390817354617
10817,4.997872587352689,-40.59508097580861
10818,-8.395080627440532,-20.341081759417285
10819,8.61263313682146,-42.78893431906634
10820,0.22917488398825614,-33.95337309207398
10821,2.2768512881452496,-33.23795125249795
10822,25.51827357670043,-18.027710734233267
10823,-8.654524425262997,-19.539944407301316
10824,32.157914447819905,-7.101527886919168
10825,33.3565918752108,-3.401843774409056
10826,1.9324989096799734,-35.04725477275384
10827,30.7233793249291,-10.741978177270553
10828,30.8104990151136,-9.914348008465945
10829,-0.4841371874027681,-34.306488187265614
10830,2.912441245729783,-26.299839790152056
10831,1.2979087462069148,-34.06962785801535
10832,25.978091879217697,-33.70216563302338
10833,28.05822494060775,-21.336287409933796
10834,4.21916577793664,-26.658223248871014
10835,-10.537772808665277,-14.356952232792075
10836,-8.06044012251415,-20.067594428858758
10837,32.69901481074141,-1.9520964863441628
10838,-9.657195642200856,-17.496143293979934
10839,-0.4897630105091173,-24.776073924909223
10840,-8.026519280407651,-28.27329017686671
10841,35.10479715047969,8.729956856363854
10842,32.66959487093157,1.8295412817341214
10843,2.1603543770718385,-36.566202969648536
10844,25.53960202572265,-17.75483160995655
10845,2.2292986329122972,-36.66891142152363
10846,4.68927411619318,-24.480226410110355
10847,32.72886558985611,5.016681691740352
10848,28.353084713992775,-18.33564172259252
10849,4.034942110234718,-39.22231223405815
10850,4.147896777577399,-39.08604479169135
10851,8.178557579546062,-42.833521156698694
10852,-0.0905310970668309,-40.19938315245473
10853,-8.624596354460644,-27.09259645223804
10854,31.77046257961353,2.296885800116028
10855,35.5783056950929,8.771210299710736
10856,31.906480833412864,-8.25894333980745
10857,-0.664948885117782,-23.571779428805673
10858,10.019188555366757,-43.778939521957
10859,31.150253886114324,9.353024320500364
10860,-3.894763597304312,-25.873039885954096
10861,33.59496562300843,-5.802512285277695
10862,-8.093286914286997,-20.116271261866007
10863,21.66732178284888,-26.27899528700909
10864,23.069422649224574,-29.643750344099423
10865,8.240773220178871,-41.03252604788983
10866,1.8078797630859997,-36.320343709828265
10867,31.94709165581321,-6.988277173499837
10868,7.874335015609838,-40.53807231291649
10869,22.442294393814485,-26.535501746804243
10870,1.671428735447037,-36.481756619750776
10871,32.04779101579564,-7.432721842371953
10872,4.475588138819213,-26.838185948569947
10873,28.8705388120013,-19.53578301613438
10874,-8.044043178830309,-30.346224137709957
10875,30.92454174657567,5.906101049983777
10876,6.5741897474416255,-40.09962774929644
10877,-13.147738010308782,-16.044579139164608
10878,3.489612173606196,-24.33935456101958
10879,28.236110905447532,-7.372006725762238
10880,0.4956209062444402,-36.715916740122715
10881,27.403723448590732,-14.739183701384764
10882,22.91755910687777,-29.13666391610404
10883,29.374029760042365,13.347300706686527
10884,27.37769965900284,-24.575838317333144
10885,23.9128382301274,-32.14384800012193
10886,27.95495068454959,-21.69155589337606
10887,31.828617363404096,7.773776827906621
10888,0.3400383270467355,-38.692048767728984
10889,32.62590147208861,4.882050601348141
10890,16.103686433540545,22.07613521081049
10891,7.777219803012611,-42.561335181672796
10892,21.048637899788403,8.586577610371286
10893,10.758581206981587,-43.66246424210509
10894,31.822707745394265,-8.349462634041506
10895,-10.545569991994784,-14.360789918996735
10896,21.27023071116275,-26.149267262162034
10897,-9.900155024438856,-23.559512370753602
10898,-9.246857000632879,-25.21793279360759
10899,30.179438782573055,-10.184759591266218
10900,24.192763400145306,-32.871703257042384
10901,31.164342513092002,3.6529391434715253
10902,23.201437873175607,-28.272482119938324
10903,-14.865154895793186,-17.04558478272044
10904,25.726468301945356,-16.037177688321453
10905,28.705904839142086,-8.045432541385573
10906,-10.313516049805749,-23.849491898485
10907,-2.7740693629723263,-25.855741722097605
10908,30.11938235855284,-10.335482576189113
10909,-8.048528504122372,-30.405758405758935
10910,32.11251503513713,9.200780950486172
10911,1.9543851943165502,-24.394393440658032
10912,27.986006802182978,-17.693930521004784
10913,28.984555022315362,-22.31772317588891
10914,31.41445663778433,4.552849281919199
10915,2.7295593615330596,-26.194225708976074
10916,1.5348024984791142,-35.63806191717749
10917,1.7513877821436048,-33.628048302280135
10918,30.132023309656837,-10.936348043726998
10919,28.22719668967948,-7.653706917768966
10920,1.0097330658231034,-39.46641930572928
10921,-11.137555860934452,-19.726717363764486
10922,0.6472583797258686,-39.05658480846603
10923,32.903442239283066,-3.330915066514329
10924,-9.652365244561796,-18.002644084330313
10925,34.68943848206343,7.951429986209775
10926,5.322275070517159,-41.335449300505196
10927,24.889825033077894,-17.791141917702408
10928,20.65875952004245,7.15850790720209
10929,-8.191631552171936,-19.723216712566174
10930,-8.429975872840311,-20.145262815140875
10931,14.75643580721255,-25.214264737342813
10932,32.150715242044164,3.8404454280398417
10933,-7.757552426041556,-32.614630949427855
10934,28.185932960226392,-27.897257452134813
10935,26.468298209885834,-34.614252063071284
10936,5.025791304268917,-46.41781811104062
10937,29.47047168727893,12.802793698781764
10938,-8.13434887948205,-30.740331209696002
10939,0.4251329671241926,-23.7205899086389
10940,25.520839356886754,-33.66057724765494
10941,24.83383882582376,-11.762889296177883
10942,-9.223295575108411,-25.92383425179009
10943,26.15085514313208,-34.04483015967357
10944,26.937215447552035,-16.774521980913825
10945,13.5205981142429,-45.189430732778696
10946,-2.9810644004883557,-25.915108728867505
10947,-3.2910358147284855,-26.06354380334236
10948,30.61223895588335,-9.589342423857309
10949,22.437187200793538,-31.49084809646164
10950,21.676181008290836,-23.865673569123484
10951,32.73900184635275,-6.422410344306175
10952,32.73884913234682,0.09308488413992631
10953,13.152971982874961,-27.829177782185134
10954,-2.7103790715851486,-33.444412267180546
10955,-3.9373869829360473,-27.845132510604422
10956,3.2069641693928883,-23.839590001804225
10957,43.93570464166197,-24.194005811254137
10958,-3.407161461005574,-25.99506380503135
10959,31.05442608677093,6.1496059910196115
10960,4.340658584223516,-24.036661681967463
10961,0.9614066016617832,-41.523533321405885
10962,27.273202967544076,-34.68490633327669
10963,9.811204536319005,-43.80907859882092
10964,30.992488171536113,1.5025962339400765
10965,31.55931881818462,7.64075754998981
10966,-8.86723147003636,-20.767270130923237
10967,25.858077923734914,-11.476549571311523
10968,33.0776374206591,-4.7248626863114165
10969,-2.29145440993008,-39.96856974809882
10970,6.346772106320977,-41.751382276921646
10971,27.933516568439703,-17.25222084882923
10972,28.89184944398005,-13.223905430992154
10973,22.52307224632771,-28.978056233044686
10974,-8.094714046084539,-30.63015758868004
10975,-9.393863468681989,-17.78274012379288
10976,-10.721606688455916,-23.80349805550838
10977,32.62774038959437,-3.1178460351409294
10978,-11.274644014319126,-20.079335499527073
10979,27.911658237770627,-7.11670303479068
10980,26.253394291429743,-9.675312261906797
10981,-11.091598029171273,-19.26263618031492
10982,27.037059511220317,4.652348421766935
10983,23.81579882773162,-30.293226185842656
10984,-13.533869760900807,-16.23426381895179
10985,28.573325666476926,-21.669259065502107
10986,-13.179186871520706,-15.63640022937918
10987,-8.326709193184398,-27.804804376539334
10988,23.85599385765978,-32.48856530180165
10989,14.306884486051345,-26.659465887744666
10990,3.137209046361338,-42.214016193746694
10991,-10.296914700877172,-28.670541300867374
10992,-13.807228411934563,-16.94266713080853
10993,34.704896812103286,8.326798601244446
10994,3.01047685234111,-42.10314981617447
10995,-5.41094016163792,-21.41614606294202
10996,3.205681341917695,-26.104136827063055
10997,28.424423444986633,-18.980543074689564
10998,30.389412728016314,7.754657129516722
10999,20.8928833776446,-26.429506150531218
11000,10.958110528308437,-43.92423875059006
11001,25.75240570368332,-10.912541579470613
11002,30.54527646494624,7.7312749931630105
11003,-0.844775401769549,-40.091543398329364
11004,31.339783539742168,9.250654245867485
11005,30.495273156519378,5.494662976107621
11006,-1.6133976325227275,-24.914593877161156
11007,30.503542188871222,7.940137372029822
11008,1.2505616400529886,-38.25972473211644
11009,30.27238302394356,4.051157883098892
11010,9.592188194652103,-43.97988366539114
11011,12.181294151075447,-29.004985595945875
11012,-2.267483513819841,-25.287029509866258
11013,-1.2765005626841712,-34.29314903797217
11014,32.5307705934347,1.847760657317527
11015,-3.606533623752658,-33.03335500274596
11016,27.072186997084515,-12.602137205539742
11017,32.730003099721955,-5.878343660537242
11018,28.68688629212293,-21.996451956476573
11019,3.331449347541796,-25.880336081849947
11020,22.62437586089198,-29.514020306907796
11021,25.395953309871814,-33.712554118976776
11022,26.089456044736274,-9.474612897464667
11023,27.679972512866595,12.026511438787432
11024,-1.080256516587127,-35.200329685239815
11025,30.295348982727262,-1.9197856893191814
11026,1.5266000434206772,-41.433747457305124
11027,13.909752776029656,-28.386218255942676
11028,27.417121600273422,-17.795155990736614
11029,13.565141107801503,-45.293884784246416
11030,-1.2026925132866797,-34.25590361666719
11031,-0.09867786803425359,-39.15144035139442
11032,0.3315253644220395,-39.09519733006413
11033,-13.793761002029216,-18.518600493682495
11034,26.338549163059923,-34.415219338464496
11035,-10.748987523890138,-25.73286326242845
11036,31.328164303360168,9.447360289409591
11037,0.2541328637208781,-40.61234081504157
11038,5.109988820296186,-41.4172989113359
11039,30.283579076185084,5.97005957716966
11040,1.816440615899496,-26.21932153870787
11041,-1.3532470956602198,-40.08286937970046
11042,-2.1695125437153915,-40.004138863837134
11043,32.57839623827505,10.269453234357025
11044,20.839903122714254,-26.484014190073204
11045,32.214540915565365,8.759862999524822
11046,20.593557903044882,-26.451201065609432
11047,-8.615979088909201,-20.65682151684455
11048,5.024929981505189,-46.51232639960086
11049,-13.868969325034323,-18.173181271377267
11050,-7.218127474342566,-17.917452540119427
11051,-13.772249698750084,-17.20643617767489
11052,-13.768838470939945,-18.61040638923692
11053,-1.3707195234172183,-34.934031836887115
11054,-9.377796258606407,-30.513057548666097
11055,-2.844081147493129,-25.533110043233464
11056,24.057781366743463,-30.35987276541522
11057,13.949070136638252,-27.938990954314544
11058,-10.654241192822669,-27.675126157926986
11059,14.229097979590891,-27.81293366495858
11060,0.339450344505932,-22.85812844552321
11061,-8.322202757750269,-30.263507019820626
11062,1.1697886761449663,-30.820385405922636
11063,0.07487368796230144,-36.72460366730307
11064,12.950476935345785,-28.475158784115226
11065,8.7872024610724,-44.39230089082566
11066,-11.332425487797659,-24.271699151645542
11067,24.94739813149963,-17.0544285393172
11068,30.15155057467681,-1.9280272621453571
11069,-0.35194175518692844,-40.3720607927334
11070,-12.779790551292228,-14.81337660013438
11071,-9.01317511983701,-21.00191329181295
11072,29.39636885124799,-10.38493860654065
11073,32.71244468497055,-5.983192244599403
11074,3.728815828268045,-42.970675515049074
11075,29.54741260871234,-2.3482837218716592
11076,30.0828050701665,-3.8187314553198637
11077,1.1946863289284895,-41.04711532236618
11078,-1.176416987131504,-40.141936491591174
11079,27.487245612751767,-12.103639781208091
11080,29.831515998220006,3.4556010710097618
11081,25.16037798780097,-11.935847713073144
11082,30.037978688418328,-1.8572843646888435
11083,30.284098338622073,5.02981697772214
11084,26.006773523288647,-14.151128673189765
11085,-9.828228790542308,-23.395555588259597
11086,-2.93902237324213,-38.82880343078449
11087,26.859099281687065,4.838926691831345
11088,-12.39269639196092,-14.576575117310124
11089,26.154798789915944,-16.724287301874405
11090,3.6991347708270848,-42.80369149352573
11091,-13.378045066353383,-15.362498702405471
11092,29.05320302870485,13.531038520568904
11093,29.03963617158632,-12.953456361862694
11094,-11.103928708052456,-23.612544861358288
11095,24.016267181498474,-14.157023997569526
11096,-0.3010946616935147,-41.73901473050019
11097,-0.13220988199096054,-22.767493696587504
11098,3.249131166876409,-43.151278799926544
11099,31.959509624068975,8.42699490409412
11100,28.129202342619497,-28.005600500804654
11101,-10.71816063316359,-28.638258420472706
11102,27.59240748888383,-12.230425660291024
11103,20.17820928659797,-25.383923052814584
11104,27.142103256463823,-17.427339813151256
11105,-7.869710241610435,-19.531137906694376
11106,12.926732371809747,-28.75541484513901
11107,25.656070358218585,-10.884962290528463
11108,22.492889184643552,-29.61279112679149
11109,24.196983361826906,-33.230797898396695
11110,-10.8805376822682,-23.772333466568856
11111,19.59634071462102,-26.6282924270572
11112,-1.5431605456158777,-40.087275459973085
11113,19.60201634201255,-25.299553841027578
11114,13.869872243114736,-28.6918760509833
11115,27.0320336431327,-6.924913234951798
11116,0.5870703776902628,-33.12267888597307
11117,29.389240760117662,-10.3095370776992
11118,21.220673860054372,-20.49964412277643
11119,-14.19751887196136,-15.590838184429822
11120,25.83385713343215,-13.947982036217354
11121,-1.0597445267284233,-40.22195711426693
11122,-9.32546869938198,-18.055116095431636
11123,30.310247045310533,7.786125413170858
11124,22.15959204082699,-29.16768365134107
11125,22.543406422084967,-17.192097406001366
11126,-13.816596988886634,-17.203640044797233
11127,13.63638171691706,-45.42852200356143
11128,43.903043600349676,-24.325734745972344
11129,-8.561621189430287,-28.99566351308553
11130,30.71019999020955,1.449701184274706
11131,2.2914983901366828,-23.328090038355345
11132,21.97071374885921,-17.69845661198917
11133,-1.4110204081703166,-21.918007688269082
11134,26.30313149805099,-7.809962187366421
11135,3.490714599106164,-43.85256771450506
11136,-1.4624700381566016,-22.1490262676683
11137,23.17763942904028,-32.65797183802927
11138,28.711500253949982,-11.32454449248086
11139,30.140421497695357,4.001364713632423
11140,29.28553414741498,-10.332545138608694
11141,20.94405423220209,-31.246616636980804
11142,5.884846000564394,-46.50588773195354
11143,25.91989545620242,-14.059951758648257
11144,29.14005941708853,-10.3333450459306
11145,24.02276875773201,-14.135061839056542
11146,27.489317560810182,-6.973144594505176
11147,33.264914929892896,-5.786501143787472
11148,12.160014762185607,-29.16136814047124
11149,26.428416002837547,-7.775754246991873
11150,19.33398382366781,-26.32954019429644
11151,-3.1551179624745065,-37.18311644597504
11152,22.037032388563908,-29.03358245925426
11153,-5.935613063022849,-33.59087090078284
11154,-9.620688461207072,-17.687513407575874
11155,-11.755480265611931,-24.276292522423923
11156,24.888965462958236,-16.81234894168048
11157,-11.593624487784123,-20.666621644706616
11158,-8.889757996730008,-31.650180242355937
11159,-11.794056962512586,-20.366972086923152
11160,-11.324332118151101,-22.29052974313949
11161,19.843223031502912,-27.626881579722287
11162,3.2523220182999433,-43.920711399117955
11163,-0.423080115673035,-24.711717665764148
11164,-10.960540024781434,-28.52472204726425
11165,3.154322979065849,-23.354269340170024
11166,30.24493025029873,7.705672384086542
11167,27.84587740557373,-10.08082324467284
11168,27.294783331006162,-3.556754977968261
11169,1.7828155471290266,-24.29538644510077
11170,5.021082414667112,-46.68448976167022
11171,23.04581862210012,-14.883423116234507
11172,29.098284371284524,-2.2287358359509013
11173,5.504550362457187,-42.65858701819289
11174,-1.1355408164689702,-40.180710052462295
11175,1.5311894128394505,-23.556443571243356
11176,5.496539079905234,-42.58645654139233
11177,-11.913609537583593,-19.767212414074844
11178,31.1630782868299,2.618311344765429
11179,-11.719309619687996,-26.02422795856803
11180,-5.7053415847582,-33.66963347703489
11181,20.587133917909117,-30.57538235943694
11182,-8.632823508887034,-32.25937776263996
11183,0.00046199306075584193,-36.74977262473574
11184,-11.23319798885048,-23.772657813311323
11185,22.864355565455313,-14.563027117802193
11186,26.830698907424402,5.154486386506955
11187,29.50745702067798,12.3850071738549
11188,-12.715526081588116,-14.473579441337648
11189,-0.6328727014520458,-40.25080133686367
11190,29.84703977792159,4.3757691136836545
11191,3.1312152189924305,-23.329616478904903
11192,24.481887371769623,-5.575492103771125
11193,20.4535409213795,9.069592765936084
11194,0.7083073882473778,-41.591826184449374
11195,7.830999859845432,-43.725765488295785
11196,21.976780424975605,-29.005407416751996
11197,13.106773724275405,-28.72973821096991
11198,19.221307346887798,8.520509214077135
11199,21.88769310882141,-31.775939476783524
11200,-0.23464041161319157,-42.32514896369662
11201,1.154351954512613,-39.71323904056778
11202,21.945230729541088,-17.630863938129217
11203,24.4711951734441,-8.510342173761597
11204,3.3431720187255443,-23.024540854790338
11205,19.484831318534226,-26.23458895121928
11206,25.797932523189388,-6.673849762000656
11207,0.7769853388651509,-43.09081411751174
11208,-12.10347605025894,-27.000652892226746
11209,0.6678214690703522,-41.95189588119609
11210,27.269341415777593,-6.862750447040092
11211,-13.660594601556296,-15.701966505940161
11212,3.435092134023113,-43.86953769436815
11213,22.014252095196667,-30.518210854555658
11214,28.84859347403681,-3.093955458785374
11215,28.651327522422566,-11.272342846451721
11216,29.646537068980138,4.949873768397747
11217,24.11545538684358,-14.319239700499352
11218,0.83067040945496,-43.411043165688035
11219,24.255890674226944,-11.507731600848109
11220,27.615135331755535,13.069944663603566
11221,3.059553561804101,-25.147455217953897
11222,28.884825091575927,14.337813386785028
11223,-3.6874441021916113,-38.039795066096055
11224,28.230429416290363,2.0720525342718337
11225,26.902202224021412,4.986250043855268
11226,-4.870192726844255,-33.676603078796006
11227,-0.6935628825420196,-41.664783973742935
11228,19.958146816231267,-19.265915488488154
11229,30.6504468414233,1.4122032001427591
11230,-2.473307857382973,-25.33932229502628
11231,27.867888169884758,0.2707737692776292
11232,-13.872695645095561,-18.11647499369749
11233,20.74670896747816,-30.982676295604005
11234,26.035993529716368,-14.056500347860542
11235,32.24877834541194,-5.299015798015623
11236,18.820388415169077,-23.912798146585892
11237,28.702179178654113,-9.644152159248968
11238,27.672326399576164,-8.86610484550127
11239,-10.712430010667447,-27.72035791675664
11240,24.070570090042985,-11.937446987767569
11241,-3.1952149047088674,-37.41959197440887
11242,29.21694991908216,-1.760456578765234
11243,-12.42963169309961,-19.435293490446572
11244,3.6587904110718257,-46.05876932356958
11245,27.723022107045065,12.702937639103753
11246,-6.907103587787595,-17.81089092320041
11247,-10.710740959452568,-30.365169770230683
11248,29.957810327444463,4.80648964541107
11249,24.185151242360224,-11.627844042675587
11250,2.891369908777544,-23.089154868833422
11251,-9.10403421941969,-34.92973251899435
11252,24.11920675549793,-11.580986967481573
11253,30.222888544539618,8.582915338616752
11254,27.968346348149876,-3.669278131423694
11255,-0.490131362070039,-41.96531122519517
11256,-4.9559126902306545,-40.59542889590635
11257,28.906550056829058,15.598717864728778
11258,14.977165861508269,-28.08904055117411
11259,7.553642137775792,-44.51037329231009
11260,25.81617981047869,-8.050283966202736
11261,-7.658133014762846,-35.63015331804595
11262,-0.5974815840958653,-24.705582778421586
11263,7.108918387108047,-45.38437397223152
11264,-11.217622935695623,-17.609777073231083
11265,-13.992564775866533,-16.44224377260601
11266,-11.659762111119118,-30.56348138739312
11267,21.618901753236813,-28.74957765857585
11268,3.1328151528678507,-22.632748826114103
11269,-1.133944809106323,-41.02048833621261
11270,14.123955139047718,-28.775187206759686
11271,-11.827733236561722,-23.801452571769474
11272,19.334422121565954,-27.04665204824838
11273,-11.64149761993859,-30.048620375590335
11274,-4.138940262710376,-40.38574086682499
11275,0.9709387723873136,-19.109061756675267
11276,22.192759356960828,-32.25843544777627
11277,19.43950632787161,-26.323022444877992
11278,-1.3554284716621687,-21.19137347622048
11279,-11.394919339950082,-25.575406116717367
11280,-7.828886125384482,-19.18633576714665
11281,7.878819549839025,-45.020575597298944
11282,1.7861779156495403,-22.461384765815303
11283,1.3753554260951406,-23.47931921362478
11284,31.011711778128333,9.44630103847682
11285,28.562162524135957,-3.5978747501868678
11286,-3.5057659588807346,-37.794727359477186
11287,-0.5763889076410902,-21.754097648407487
11288,28.97411065630715,-2.3067620784751646
11289,13.664314021260902,-45.54540691294355
11290,19.372372206885863,-27.123819962509128
11291,26.26753152222655,-3.4542967489420255
11292,-1.5068793231083542,-21.532734480151603
11293,-1.9267917170651039,-41.53119957326858
11294,24.154187896336314,-11.39898135568666
11295,3.4501868644513762,-22.980763931444226
11296,30.308530417449767,7.722639420602287
11297,7.545776800911709,-44.615023389461086
11298,-9.249635500885462,-37.63886600941917
11299,-3.1285993302840764,-23.176832993915266
11300,27.028492776695096,-3.3914214952237414
11301,-3.2360724496397464,-38.95278659699623
11302,2.8561450671163606,-45.236061410574166
11303,19.63160807439829,-26.538079496078574
11304,25.522878079721337,-8.184495454719583
11305,-3.100401782147754,-23.100251204093595
11306,13.722149793317145,-45.57115544178328
11307,1.4484538861255183,-23.584806950496887
11308,13.093297917038036,-29.134321065603807
11309,31.513560093883687,8.328112686942452
11310,26.593739809408568,4.972567467917594
11311,23.91081188472372,-13.88501207530653
11312,12.426764554289802,-29.201846595703046
11313,24.487282808797215,-8.83007312990291
11314,3.835061996059403,-46.39487385949549
11315,-3.660093739932886,-38.29434215761244
11316,19.452036718945156,-26.500210662736265
11317,-6.725428928363665,-21.66914283889891
11318,-0.3817982943205908,-42.179300904619325
11319,-3.4219423928045978,-38.633155148921325
11320,-2.240026496232735,-20.737476358856995
11321,-11.64415627186419,-18.616870760121238
11322,6.027528985618691,-46.69398857289061
11323,3.6280738021264174,-43.50476490951331
11324,29.122414355891575,5.9190082860589515
11325,22.571618111722753,-33.447309536102374
11326,26.852500357795755,5.068864309647514
11327,-9.270536705471551,-34.739176629731034
11328,-2.108309788522387,-41.44508563046861
11329,-12.94634880877399,-20.350171294446646
11330,20.175427744151282,-17.74565839785448
11331,2.2508379703904886,-22.508218553534707
11332,22.250955647445277,-32.34311438326099
11333,21.772738472644555,-17.655579324963735
11334,25.62504446744007,-7.801007052167457
11335,-8.079415357076057,-33.43688979925778
11336,28.393351153919355,-11.504902784724571
11337,25.372419481052777,-4.397691233796637
11338,27.342978192356945,-12.149683469360832
11339,22.3940620340184,-13.355712730258297
11340,-11.179187499626678,-28.730337765331342
11341,-7.902764031398673,-35.482041671156836
11342,5.77460254896238,-45.93348885406702
11343,27.427507806376063,-12.218084558021353
11344,26.8371060465502,-6.812098254478771
11345,26.693301659570743,-0.2909395385723869
11346,4.902215464876241,-42.277946668434744
11347,-11.786005200745452,-26.086580097536572
11348,14.852979374805589,-28.252368226214973
11349,22.666307924115742,-14.802553257900742
11350,5.326929681228829,-42.61623914348564
11351,14.672824782925947,-28.287200287651892
11352,22.651609109535617,-14.336953682119542
11353,19.02810755990218,-25.266134428730105
11354,-9.728648028988015,-35.94334034622481
11355,-4.288978203755737,-37.56334328949848
11356,28.7732070934345,-2.0423255012756485
11357,3.0135404017619063,-45.3853640122385
11358,-4.380545188483313,-40.192274225255204
11359,1.1672031402882137,-39.73194419741191
11360,4.887120735659138,-47.16656401681923
11361,-13.896007738946226,-15.95387805576018
11362,-4.4448576555325445,-37.4560554003146
11363,29.066363303652334,-1.228177769536719
11364,28.687230116093062,-2.970087613653693
11365,1.2634929089737275,-43.68981313601769
11366,-1.0414372142980135,-21.549789605217075
11367,-7.681244709013657,-34.73530039315462
11368,-12.593283457337435,-24.865125309374367
11369,9.57447379155667,-45.73687183683841
11370,-7.760849488450263,-34.45072260487611
11371,23.721011297627285,-13.9276818070403
11372,28.891929655928283,5.24891595379976
11373,-0.5697241514286179,-47.13347520768108
11374,28.718953350999428,-10.065580339830301
11375,-13.259511016031961,-20.766681047932188
11376,-1.584533792895161,-20.386847579695704
11377,6.727820447794721,-48.27685259304104
11378,19.603485033755074,-18.638528634037264
11379,-11.856853990864767,-30.395862636422937
11380,-13.96504477201506,-15.893407190250542
11381,-11.941694700342405,-13.457571625100076
11382,-13.549071587014355,-27.912889837329224
11383,0.3890612022404243,-43.51789463333391
11384,-13.323406101070896,-14.694902029858241
11385,17.28324774666891,-28.263929725791407
11386,-3.2247272387458885,-38.91608605476584
11387,23.93320317682927,-13.037746311541575
11388,28.289407523900895,-3.474075952895117
11389,-14.245665566630796,-15.415150697186103
11390,-4.415226070093284,-37.497379647031735
11391,-4.133205974696818,-37.693799594770965
11392,-13.118578477431328,-25.316581585584427
11393,-13.537947835895183,-27.896193397821367
11394,24.84510892691994,-6.616802037865053
11395,9.647159846426488,-45.75131866985005
11396,-12.581796644842747,-23.33670849947944
11397,23.801476992230743,-13.596939943240137
11398,0.18146089005053775,-21.94106506233795
11399,29.72638612413919,8.184455555435878
11400,28.925175137794078,5.58740250007595
11401,27.70060708999593,9.096874223597593
11402,24.42272626114817,-9.493348048297387
11403,18.446676254853895,-27.469722544249997
11404,-13.112110708202069,-25.529755028551357
11405,-12.133713147648773,-30.360751851730583
11406,26.96794997667624,-3.544683331172755
11407,26.027057768492917,-7.23786949219464
11408,-7.531626538219345,-18.05647349377178
11409,-14.455158357382205,-18.995928877013398
11410,28.60426448733145,-1.8250130449995652
11411,25.706404348633107,-7.962797284453292
11412,-1.693203288456639,-43.16224682619675
11413,27.372826411906573,-0.17157363325686079
11414,-5.5417790156143045,-21.35525663796509
11415,19.817603601450145,-28.605155902836543
11416,3.317733821413964,-43.608426800082526
11417,22.354148585231172,-13.203301377642376
11418,15.107700266625951,-28.171582151199864
11419,-9.257967244612052,-37.713030494686734
11420,2.3615994127191127,-46.505509410543574
11421,-4.6180892298603915,-37.35454837652679
11422,13.09406977326277,-29.579852727198798
11423,24.30121859918622,-9.815758033465611
11424,-11.119507697031567,-31.403145244401646
11425,22.231131238908542,-15.24733025200191
11426,28.63992061161364,13.777484435762668
11427,-1.696646224683138,-43.13902115900183
11428,-14.135789527047915,-15.508886364813222
11429,20.78119655992094,-31.430967243402794
11430,-13.926097697713313,-20.122756066904362
11431,-7.285673422580474,-18.98371703956848
11432,-4.492021777049301,-33.59711515284757
11433,-11.95799232007922,-26.21969874547406
11434,-9.217844172737879,-35.054575267078334
11435,3.755537459936035,-43.85654762328921
11436,-2.19913797112692,-21.199863760072326
11437,18.662683231499997,-23.858152882828698
11438,26.916842861210295,5.953380725248102
11439,7.94273393020689,-45.24218732605337
11440,25.97563264297018,12.161075441502181
11441,-3.358275398485252,-40.81834399639392
11442,25.87926624504749,14.675618074968662
11443,-12.097250021878194,-26.219143983352225
11444,-14.051516359249455,-17.1555269786
11445,25.96412143683762,-7.771712071263616
11446,3.153099043670128,-22.778712984401874
11447,-12.066959119734252,-22.748183354762816
11448,13.920041225373451,-45.73438464212217
11449,19.12132867029127,-27.421825035035287
11450,25.6708422413425,4.935736750025952
11451,14.425917268309155,-29.202349115012215
11452,-11.302059427496031,-31.181511654753024
11453,-11.880781918457123,-25.85544583092895
11454,45.58944863624746,-24.00926031939692
11455,-7.6295117031777835,-19.242348445762506
11456,26.58132575972368,-1.2440685176517512
11457,-8.054885175730973,-35.972515072346056
11458,21.06520787238684,-16.096853690297973
11459,20.64108589524735,7.152024151495802
11460,21.9717016523556,-15.856372266750846
11461,21.64370031428089,-32.045241947078345
11462,-2.073730774930833,-20.956271503477502
11463,20.611984496437262,-31.19053945920327
11464,18.83819954547787,-27.901657436559734
11465,0.6169471951744119,-21.767512690168633
11466,0.08874682366325963,-21.906041233129656
11467,-10.708441810471236,-31.090826013267915
11468,-11.858626896298764,-26.098140463249422
11469,-12.709992700753451,-24.871706116355302
11470,8.526283705144385,-45.50182842783159
11471,26.7196020733151,-0.07651519423127452
11472,28.34978620955463,-3.3974371104452676
11473,28.274762333000574,22.028320789762024
11474,28.37200963716723,-2.7499049948691394
11475,24.263442069121183,-5.553207041772517
11476,29.687272717948055,-1.5569376277290712
11477,6.359412649435986,-47.133034630439674
11478,20.601920474235616,-31.1838407959374
11479,28.252564628600343,-11.622146683440898
11480,0.8380888566975031,-21.936552203973555
11481,26.128001685875052,4.916847149473925
11482,5.790965931255643,-48.114736555398224
11483,13.061131966496296,-29.832378467788647
11484,28.58688586363786,14.014826041092837
11485,-12.68215243649015,-30.477625345283975
11486,-9.726111943436472,-36.224249472675574
11487,2.436254007388161,-45.33035158510842
11488,14.453307801441413,-29.74496242646142
11489,-5.332623364601777,-40.97563422140166
11490,4.056662239846438,-46.93874866851306
11491,23.167465951343335,-14.089200700280728
11492,22.118101435244558,-14.98076452072483
11493,6.080041871115162,-48.13338627694396
11494,24.130186676767373,-8.348828470938097
11495,0.6540588760400122,-21.816987906985325
11496,0.40693447335336047,-48.270576923524494
11497,23.78185785962083,-11.824564905679605
11498,11.098042163349175,-40.275671079185635
11499,-4.771367461065535,-33.62062516797174
11500,-5.965715836641378,-34.313677983537
11501,-4.591996887324064,-40.62958028463607
11502,27.40067040409402,0.48768477231380725
11503,26.43954658467414,-3.580455084320875
11504,-13.930555121220744,-17.554717056187798
11505,25.649430186386724,-34.60615392754003
11506,21.213540685361394,-23.988693114329983
11507,21.181277600282662,-45.71842049185089
11508,19.79016362617423,-28.60136608413528
11509,-1.7344641832808654,-20.529947131957446
11510,18.800452168951466,-26.741191745349127
11511,-1.5022368619151778,-19.405338332239683
11512,-13.563063058432103,-20.258154124129685
11513,-6.918948712809229,-18.804776728331348
11514,-0.09681513121644912,-47.919022632807675
11515,-3.8347506852048676,-50.8408985910313
11516,23.9622670201937,2.247437001466306
11517,29.350153823749267,9.060349039769788
11518,5.900059876786372,-48.26344874893082
11519,-1.1557526247602574,-43.58053168462757
11520,29.05934505905311,8.398830284710954
11521,-0.3566774418790438,-44.52828476086521
11522,17.107949811159344,-14.29366434892321
11523,-15.049560843135087,-14.901544893522862
11524,-16.852765082511464,-19.049481864040928
11525,5.484963759582209,-47.282068894822835
11526,26.84213351665431,0.23000253852687763
11527,-12.279153137278588,-26.179214513542945
11528,-0.3760292713469204,-44.549166983743625
11529,27.878549951414637,9.09528525162857
11530,19.26081322044788,-18.18899756265979
11531,3.8108395508113726,-46.6065253119933
11532,-8.87267996115488,-32.54979277399083
11533,24.630298400270565,2.7464590331749204
11534,-9.549492886758824,-36.3100232341873
11535,26.97633560599485,-5.2173970217178764
11536,26.24037632598646,-2.4656767327137907
11537,21.56836804767214,-32.91954117333971
11538,-12.493298188552492,-19.706575006744046
11539,22.198596554495065,-33.347797051920026
11540,-1.6335771873740188,-44.82886567143568
11541,6.42209997008049,-44.35051729233286
11542,-2.4544173795405144,-20.52590372762123
11543,20.636125515159613,-31.31839396095046
11544,-4.095064856987701,-39.33096502511021
11545,14.345657029216115,-25.07285681121165
11546,25.211904185498614,4.729478309421033
11547,-0.2824895454982928,-44.69072515806216
11548,2.645912658187923,-21.929731351775647
11549,-6.098921856008149,-42.8204303428503
11550,23.176496154780974,-12.346217733039651
11551,28.920945444000772,14.95504915097401
11552,28.92475010809305,15.444378828149524
11553,13.366415019665864,-30.107710369722042
11554,24.667722675344905,3.2297703865706073
11555,-1.7509383464772568,-45.12936345084396
11556,-15.423300599401312,-23.92745250158653
11557,-11.838275475451645,-13.150535018136733
11558,24.078093511674073,-7.898069867513861
11559,8.621428936414873,-45.663412629111576
11560,20.673846426137697,-31.590908294253776
11561,14.220729386403654,-45.86146106046909
11562,21.58274920766173,-13.870445323883965
11563,-14.65061737736622,-27.643317755095676
11564,43.98370397214691,-24.459804032254205
11565,17.876051679563606,-14.467544837452794
11566,-27.3746523829217,-10.88399550334009
11567,-16.42881279296209,-19.696601852132332
11568,-15.222647597166922,-26.759024196351817
11569,-13.602582205741811,-23.032940624111024
11570,-5.088108866275498,-18.10648523323147
11571,21.98574925941243,-14.598555750688647
11572,-13.984144700256179,-16.105054758018024
11573,27.479846422104217,-2.550111172902867
11574,-1.3164035119895188,-20.54763700818177
11575,27.232079098154728,0.3598042678128906
11576,2.7899454365185146,-46.10726231101477
11577,21.07899262174818,-15.993986054158038
11578,15.59426383140054,-29.279203293553003
11579,-8.888079960092353,-32.71170380269191
11580,26.861571778146757,-5.393381737017613
11581,-12.433429256791657,-12.835093935542389
11582,-13.971587953879872,-15.955801668555683
11583,28.28881942651413,13.865762001964654
11584,28.253342858777575,-2.407844803176292
11585,24.014967016101014,2.374795662119896
11586,-8.422640140990403,-35.9256592417831
11587,20.252325876916068,-31.879030946236337
11588,24.137298290744702,-3.4468172109726645
11589,18.883452549765853,-27.405309113825524
11590,-1.8273921919887806,-43.44156828820748
11591,-12.670718982274241,-30.62474450024627
11592,6.025709225588361,-48.541335682922856
11593,19.59172108935576,-17.86893584577353
11594,28.198239462945793,8.858054047206286
11595,-7.038404737441388,-41.764307957229946
11596,-1.3434620292029544,-19.28858085951872
11597,-7.554307794121798,-37.75336757119453
11598,-11.889447237348179,-12.939541534045876
11599,19.0883127114606,-18.755157573073554
11600,13.847916268411721,-24.159893798341976
11601,6.785486319435303,75.39020167790927
11602,25.884378819964393,6.777187136898769
11603,1.0989400161628753,-21.886320933139718
11604,19.39341437342235,-16.940193943069147
11605,-9.248435950393924,-38.61502995900043
11606,17.264291154541628,-20.500984640567694
11607,-12.845906134849361,-21.771250815515906
11608,14.756056677186278,-29.20250916604986
11609,2.2425587714554718,-22.00046778685634
11610,-5.141116385831183,-18.737084007908948
11611,-5.7363783955864465,-40.8764698663128
11612,20.786035266347916,-34.57420875379034
11613,2.3262372818926265,-45.49867878817607
11614,-7.085570531934263,-41.82583909379669
11615,-9.465935434867736,-37.59953169102722
11616,-12.464581222454136,-27.097612570943703
11617,-12.572318232240846,-19.29750422151129
11618,28.111433691185187,-3.4214554198574545
11619,0.5743305094292398,-45.00419677134812
11620,-15.090921344165002,-21.540215704284932
11621,2.4102397100793946,-21.450931257096098
11622,27.558458472739694,-2.671647894154893
11623,22.215924371468702,7.072350830383702
11624,-12.629958300310186,-30.670055673214932
11625,-10.351948045194634,-36.56285292419236
11626,18.48382368813079,-24.232604722896514
11627,19.51048173834515,-9.005100193103845
11628,25.775437978844636,11.741460435891675
11629,18.505809626392708,-13.726151607312342
11630,18.897759676362252,-19.086041040738067
11631,-1.402427438810272,-49.28971952749892
11632,23.94053539645878,-7.401263551784812
11633,18.194509971735403,-24.777985542971216
11634,-13.807168506845882,-15.402641891210763
11635,-15.63853982895954,-19.923645227301005
11636,17.55001152355117,-13.371788333116928
11637,-9.907512932296697,-34.5202105986802
11638,-6.4534007302834935,-42.41198209123643
11639,23.343378850602296,-9.856220972563941
11640,-13.52694841988197,-24.985651405971698
11641,-2.3384487350881678,-45.66626518115138
11642,25.815169210706948,11.854278844558925
11643,29.307364706811757,9.088963815080778
11644,23.409684956808114,2.1957575796230047
11645,25.034530260597236,4.59213061889619
11646,23.983077027585075,-7.602145188548362
11647,-21.458021343075046,-28.638645345051987
11648,23.40654710305028,-4.915107044855751
11649,13.145898913440512,-29.967448396311408
11650,18.592839452991925,-24.04147974406812
11651,-5.721744424824171,-43.64257091462579
11652,14.546392168053078,-30.587498780374343
11653,-13.40461709909626,-25.055744009267013
11654,2.2799424614402852,-21.41153770608655
11655,-10.543095695242958,-36.36640720047977
11656,21.752230902299637,-33.8456892856943
11657,-10.18948309365068,-36.32067822881442
11658,17.230065157164205,-20.629274132544836
11659,21.92144024692479,-11.5011739586184
11660,25.771205933116825,7.560959239775933
11661,-14.83977193862347,-27.324626804542266
11662,21.488959970573703,-15.053218448542825
11663,16.768201002876708,-13.7183013491602
11664,-5.740929925988793,-41.06555258445737
11665,-5.700087010667646,-41.11896159659138
11666,28.595498010213053,5.527371875141767
11667,-13.182742216006465,-20.510085818736915
11668,-14.497490163069946,-28.160285838682476
11669,32.574572458453865,10.299613166449165
11670,-11.349000367510648,-31.704969055611492
11671,-14.377850163495665,-21.72125732224813
11672,-12.694525727081587,-30.761508650697508
11673,5.499392991832491,-44.4817175164838
11674,5.082765688599195,-49.27705679252596
11675,26.849858052043114,0.8995537620099119
11676,-1.572946099496129,-44.02568824283663
11677,-11.04957878154805,-32.18513540932347
11678,23.49798385534141,-5.243918303033696
11679,-1.9823378778416127,-45.88444190025001
11680,-13.551114447701023,-21.250206109740212
11681,21.448843182935764,-33.88438876225644
11682,25.888300720342556,12.016803674122501
11683,-12.585774454099555,-13.420833887270751
11684,1.1762464201606537,-45.44326473851737
11685,23.336908519061506,-7.9201652171364225
11686,15.86404869846335,-28.41709358033178
11687,14.73665396967501,-29.278540664764364
11688,5.488565860301118,-47.60058243044627
11689,17.045731573036623,-18.968112310234442
11690,-1.6714803825136642,-43.98070371709147
11691,25.717820809588744,7.567590907129421
11692,-2.72029964281473,-45.51936627967487
11693,18.65825532748221,-19.393683584238364
11694,7.392859296881942,-46.88337933137032
11695,25.797141883526294,-0.9677113076394102
11696,-6.854334686385689,-19.04334638397896
11697,25.797715336533763,-1.1208933121359017
11698,7.41965809092269,-45.112718842162884
11699,25.064930645548593,4.819093122928662
11700,-12.818453817647443,-30.73690185366312
11701,18.15461858056253,-26.215771222302795
11702,-6.250078208165986,-42.830611952508335
11703,-4.806671528574994,-44.965124451427926
11704,15.577297445298797,-29.153791415969916
11705,0.8661712475501641,-45.37011921725034
11706,18.16478871882112,-13.711977851734124
11707,21.236292868071725,-14.399010917235945
11708,-4.411692234775099,-44.79840175619086
11709,-8.31864100429354,-35.13119846963414
11710,-14.362368543699903,-21.557529613356728
11711,23.849595502872038,-7.57291657317007
11712,-11.114858700904087,-39.06344457068794
11713,13.815356893447223,-24.09246459107508
11714,-13.898755541959957,-23.31215188625818
11715,21.390790541017704,-11.650564555202614
11716,28.08888000907061,7.713067403956125
11717,-4.9726910003845575,-43.35726301240028
11718,-19.237010682751684,-18.5124813206107
11719,2.161408675210591,-46.666257964835715
11720,-14.102565239021573,-20.056927295547
11721,-7.828766801250995,-38.30915406773708
11722,24.90650948092844,-2.2476816728647617
11723,17.227242178071105,-27.061522836821705
11724,19.087566372458923,-17.852768804102986
11725,17.818533241064507,-24.53164736334177
11726,26.954680134981572,10.593568569497375
11727,24.62409641829441,3.7136144849008135
11728,19.729544912338845,-32.05984285407752
11729,8.705237296182675,-45.823305796728256
11730,-11.494887514979814,-36.40477627953988
11731,-15.4437098587458,-20.620815063969523
11732,-8.144553907727484,-36.92852109340182
11733,-2.614443709271131,-45.55184126603856
11734,1.9676240995353922,-45.67088475101882
11735,-1.608081694184606,-45.88126593308906
11736,-13.40867656605132,-23.112448052339634
11737,18.846344324937117,-18.675609290767184
11738,20.669744219785375,-32.22161489664581
11739,7.6917545970495045,-45.40535803583307
11740,21.10283113149268,-14.58519209387945
11741,-0.325344995753637,-47.37899394499005
11742,23.71584914830806,13.100167329769931
11743,-1.5795705642733724,-48.425013309592615
11744,-13.686416399074565,-30.68408971007452
11745,23.14629330092346,0.6455839731590785
11746,-6.022535921079686,-34.45844253272692
11747,-13.729584848265345,-21.46207764703077
11748,7.5917395907298895,-45.3757812506505
11749,-5.006639377686194,-19.00162901660848
11750,-13.43578261064682,-21.015777396480797
11751,21.397212453532173,8.135174934075764
11752,25.486420051830503,-1.2839749593337344
11753,15.398507671078704,-31.57198275871586
11754,18.825727423021792,-17.241839126855535
11755,0.5121373779982037,-45.30143683531254
11756,-13.675302967208433,-21.208476551763788
11757,-5.498010677288213,-43.583417212969124
11758,17.59580855427808,-14.838154967705115
11759,-12.137433261167457,-31.298268811881194
11760,-2.4713230704692983,-45.68551179292944
11761,-10.093065007204348,-37.7157482943173
11762,-5.575942948187946,-44.2158482495263
11763,-13.801195552466172,-25.629456073458815
11764,28.863995703541857,9.791176146629534
11765,-18.863485082619324,-16.82816327821153
11766,13.149690622332225,-30.098582555895067
11767,25.51459409243902,8.780809744979102
11768,-9.200149332611888,-39.159925076402544
11769,-18.83278818041941,-16.72228672911249
11770,-9.887525647266516,-37.27394111962994
11771,-4.240166741799706,-44.80623247120111
11772,-5.798626683219449,-17.494665938874004
11773,-0.5199985743045301,-47.215024081259266
11774,-15.200759537091418,-27.188786385796075
11775,-13.034188238360175,-31.27058283329565
11776,-10.791620835203732,-37.708370403429946
11777,19.417886750040296,-9.892110233068552
11778,20.876695045481448,-11.655316116872838
11779,-1.9908789920975654,-44.75170313674277
11780,25.641761111379772,7.346395586211529
11781,-15.374392221181418,-26.822233511781977
11782,-11.827636239299457,-36.875416579114145
11783,22.712452665353485,-6.753144308698641
11784,6.199735816914806,-48.59556195696771
11785,-5.085262055012359,-18.657892530073536
11786,2.172541323024113,-20.965742793642082
11787,-13.150567205013196,-31.936835753072167
11788,14.248467895838997,-45.90837636007727
11789,-1.498451883239789,-45.13438514568007
11790,25.576272735198337,8.716131227167834
11791,18.089999416951276,-17.741529342122956
11792,19.731898674869274,-15.786455613712473
11793,27.890332847588144,-2.4439439935820255
11794,4.62893088671165,-48.659519167442056
11795,23.034905189359513,-6.65911441274886
11796,-13.719397570249468,-25.563087137899057
11797,19.139989721483015,-13.560767427073474
11798,17.547346537699035,-13.779297152301814
11799,23.06059688068134,-6.470029340212434
11800,17.65566414176817,-18.188650192842545
11801,19.714462287108724,-9.835187386039083
11802,25.676274156994936,-2.4411498505161116
11803,-13.027481468179165,-13.84172787768117
11804,23.77067193852551,-3.6575781726136016
11805,6.07260121646471,-44.48634747343699
11806,26.8585721329426,-4.9119477703205865
11807,-2.2313314827304263,-44.88368430240499
11808,-4.667604076634306,-44.13067275354555
11809,25.247971664973427,5.1372965120893275
11810,25.514025111371808,-2.8334004772574826
11811,-0.711758178706975,-21.159299217578848
11812,23.348655952369782,-7.3381972218281355
11813,6.069669380938503,-48.89020882025292
11814,-7.350878908609322,-42.27319549794637
11815,-5.102822286053305,-33.74115070645003
11816,23.630018288380896,-1.4396120974228899
11817,-15.269795754520878,-28.088726730352754
11818,20.035485965869572,-32.469017721562324
11819,6.730206980861938,-47.34837338439051
11820,19.705889962187133,-32.120369975043396
11821,0.9687646285767986,-19.042636027064965
11822,15.866418607151445,-28.579250617928693
11823,-11.217455812685104,-38.90824865366137
11824,17.96207515182598,-25.479163855952724
11825,23.07332432094879,2.4331863339681976
11826,-14.469672317547504,-21.95611520474118
11827,18.969678180323445,-17.295421098803384
11828,-12.537652284075135,-37.45266198477139
11829,22.34182630316175,0.5441633764774719
11830,-14.775752161830319,-28.113762541243382
11831,22.172469564704336,1.6560444478667586
11832,-19.17451177560933,-18.096126000113646
11833,-10.98913097836542,-33.48104217762406
11834,22.318959433343217,0.5858812302214088
11835,25.406710945386646,-1.2629662389626992
11836,-15.197778854640584,-27.994796072306936
11837,-15.014157581181529,-30.357049183067726
11838,-7.536430522580619,-37.95573127499773
11839,-4.9821121218548425,-43.38767138671342
11840,16.724667162836813,-19.85090052709923
11841,-3.9975174179229396,-18.124143382089688
11842,2.0475408865900704,-21.014208230576717
11843,21.382115581861353,-13.779003595345602
11844,-7.392119879818845,-42.30938560098364
11845,-8.309942500717261,-36.845764691792816
11846,19.016239957452203,-16.622343744107237
11847,16.735870183350627,-19.627312639199996
11848,-14.017246364755652,-23.435740776573322
11849,6.016206727927922,-50.693867822069386
11850,-13.007902149058507,-37.216801196695805
11851,19.11102537262844,-9.530234799253867
11852,16.928941482589547,-19.558946489005383
11853,-12.341908853785252,-12.750042614353847
11854,23.653605822202753,3.893504557851294
11855,20.78576361315159,-33.13474941242393
11856,17.601364116865707,7.992431845895899
11857,17.71043374869008,-25.77599065152278
11858,-8.284568321478867,-36.82808768608326
11859,-5.56332964046517,-16.909516224041404
11860,-1.37285075823124,-18.917052767611047
11861,-10.507181427091062,-35.139175591638214
11862,24.774569935441757,-2.203229339283613
11863,-5.236449648667778,-18.497503735609374
11864,14.301778714174128,-31.29672872508815
11865,0.5427888647419212,-49.65943211573082
11866,-6.890845510795096,-42.6920238156261
11867,20.46169374005056,-11.569593545388262
11868,30.58626678685625,2.627050330493715
11869,-13.090583550298147,-21.563891367389807
11870,23.775989438328445,2.1231544259086537
11871,-13.995908186072047,-34.455863996061275
11872,27.368382083019394,13.838477029186473
11873,27.30335863207182,13.799018974881767
11874,19.114347327421587,-13.232601743329509
11875,21.521902525426686,-12.219277895288098
11876,20.206215459449076,-14.354025441809508
11877,-18.63884747878679,-18.05634194619287
11878,-7.543272773178673,-42.24209382948451
11879,-12.813279665970404,-32.98874675134268
11880,14.095062777075494,-24.621839139924106
11881,-13.940528333432578,-24.831486784474922
11882,-10.899138870306476,-42.44794067015185
11883,19.54762337374947,-15.935178141621643
11884,-10.77152607316886,-34.6652337905214
11885,22.913357476972678,-5.232049244735082
11886,27.61237092736817,14.157089077191085
11887,-18.893833116619046,-17.05122648686161
11888,-11.87464810621191,-33.64571429525027
11889,-19.472854991498554,-16.74262452192074
11890,17.237506586093545,-26.161006814990756
11891,-1.260340563671695,-49.86950354608787
11892,25.56627637575916,7.4950778073546775
11893,-6.558498800475736,-45.71929378673293
11894,-15.229433747188024,-30.22163746577782
11895,7.711614406599983,-50.848471160039445
11896,17.462246887459077,7.941295478176593
11897,-7.499080750961837,-38.0871380611593
11898,-16.698351959509058,-28.30520750040609
11899,-15.501864368499353,-20.88655929749155
11900,-12.506041163946668,-11.924813329666854
11901,19.27092165824204,-9.77704859883423
11902,18.307358490719064,20.73621368720175
11903,-2.8764119147983234,-45.447322666552466
11904,24.964001959942337,5.38055428237885
11905,-15.773927606265365,-30.075189361300172
11906,-15.333112665045006,-28.158289314736482
11907,20.43680125137914,7.677678407359073
11908,-7.2029497209342495,-45.11790326083945
11909,23.221207475792045,-6.495415705882872
11910,22.32873218185977,2.9985203548487926
11911,26.05253370709296,8.362790374660854
11912,17.184001418285185,-26.927988457826316
11913,-6.6188952552337526,-51.23824516380449
11914,1.6795356128827423,-45.74643975043058
11915,23.31666052918366,-0.8827601463105289
11916,-16.77121939240095,-19.311261172864253
11917,16.583628911513596,-20.20731062374486
11918,28.803074523597886,9.562176923882273
11919,-12.438387579904505,-33.565981489783354
11920,-12.131232997770889,-12.642465422884792
11921,1.9615164029817271,-20.901557546725073
11922,22.8128688782945,-7.591087562962002
11923,20.503096160951213,-13.43218456192098
11924,22.71750991970688,0.8431826988817105
11925,22.365507682176364,-6.178813411254058
11926,-4.018524625248857,-17.6427325206754
11927,-4.23029476796218,-47.10701369236373
11928,18.896055358490756,-8.801549000129608
11929,-6.30948915542986,-43.74454476362715
11930,-9.954732106837659,-32.73243569837988
11931,-12.371281911023107,-37.772556821521015
11932,-12.087515726456655,-35.786727887863826
11933,-5.936677274301374,-34.33585542107317
11934,-5.871796581117099,-17.56454453315053
11935,-1.433965477328237,-18.71497095071798
11936,-14.190265246938724,-24.656799499831084
11937,-16.775849224402325,-34.455888156433
11938,-26.294275377627656,-15.806915191594136
11939,-3.7151204435088747,-17.316151528791295
11940,17.167737573598128,-15.242094586987454
11941,16.661099309040978,-20.071511008179275
11942,-17.039947932490886,-27.13665802350745
11943,20.45177978922553,-32.16636766370407
11944,-3.0901933249242552,-18.891460343981905
11945,25.53508487607136,7.850723968428378
11946,-4.249643483847749,-18.818113313538678
11947,-13.681975287645901,-33.19237555429499
11948,23.93866650375752,10.255544822645023
11949,20.283917717110903,-14.292841956391074
11950,18.78054982374369,-8.689332446572484
11951,-7.708223985799381,-42.5426161795647
11952,16.847297219286453,-18.4810482905946
11953,14.476011568280015,-46.149674954666125
11954,20.291097947472043,-13.108682112549287
11955,25.112103434549898,-0.8875263086272507
11956,7.993531719481739,-51.19758295698236
11957,-16.784766388213242,-34.55173874336524
11958,28.540641004252386,9.410322989498752
11959,-11.129359389202865,-34.667434270640825
11960,18.834992823295583,-17.526331540313716
11961,-7.8597548589579835,-42.26869090482432
11962,20.350235340120054,-14.209046497622921
11963,18.381855601413058,-19.80414192254843
11964,15.28713990852689,-31.615099753156322
11965,18.608538505935126,-7.563717032426772
11966,-15.130001818312685,-30.894463999402827
11967,-17.84008990818949,-18.275377947922127
11968,-10.813323881217206,-34.81987789903057
11969,-26.627738739134855,-16.839596467447738
11970,25.449751814172874,7.9556012648436765
11971,-11.014626367265853,-37.768559531660635
11972,19.4157485837495,-16.110901973172506
11973,20.00128631087761,-9.15091213834276
11974,7.048938896986168,-47.238821924467366
11975,-15.835781208352113,-27.24391344458432
11976,19.155280016349202,-13.117851612565778
11977,21.955224622236607,-6.97020761934572
11978,15.268163549334163,-23.044930979951822
11979,-12.863112285681659,-37.41456875011853
11980,15.290665031029851,-31.578630911150576
11981,22.035197946117528,-5.184608245668887
11982,-12.344218558105993,-38.53705780563624
11983,8.061036542114984,-51.31386643723334
11984,-4.994572536861684,-45.24781494883196
11985,-13.908416927553189,-45.04048136827213
11986,-11.552103381381544,-34.80596096903919
11987,-3.8828694189530237,-17.992419540253348
11988,24.920028388686497,-1.463339377380597
11989,-16.883895207238044,-27.85825095694368
11990,27.613549698354095,14.482281004812776
11991,-11.980694865118041,-39.93005751588408
11992,-16.201420529011912,-29.666992329509657
11993,-1.649253774307149,-48.58728720626235
11994,-3.7243205176006193,-48.048171721222175
11995,-10.833860884609063,-34.010436378635546
11996,2.1929376911732827,-20.771524762470236
11997,-4.459258442498796,-46.40422447416894
11998,-27.28615778451833,-16.266027251894144
11999,-10.232725599605162,-42.47894068540077
12000,-3.5300032170220135,-17.622838301828722
12001,17.322898197310344,-29.789014254299186
12002,-14.015339796154509,-34.472364012236
12003,-4.850548546472887,-52.50662226842763
12004,21.202578265600884,-45.76128911259643
12005,-5.956966657050756,-52.571173805165856
12006,25.35642920259039,8.043067596972568
12007,-16.270274042307076,-30.970595324830057
12008,20.329534743872117,-34.8252038239722
12009,-15.934058554600435,-24.14761263409999
12010,20.219645114115384,4.6316923722051335
12011,-16.893762138286927,-28.090417857746267
12012,22.150013918130895,0.4786522429607347
12013,-26.470949549120206,-16.943936164390784
12014,-1.5689987650772352,-56.174011514353644
12015,17.448133863552567,7.9730996713913145
12016,1.3291415923512542,-51.018146499006924
12017,18.29294030487522,20.784741091370634
12018,17.708610073560354,-25.60050716509537
12019,-6.411941232695247,-51.4397826987161
12020,21.12846862140758,1.068346789516513
12021,-15.972640960013583,-27.82063763931692
12022,-2.6426890371873784,-17.117257882402985
12023,20.314192658438433,-1.8465775104818625
12024,19.983150647279725,-4.828087928526869
12025,-12.816578280090923,-37.066354255267406
12026,19.716087246729668,-46.75305552941083
12027,18.228966948260112,-34.04152045595453
12028,-15.562327502621446,-35.859200880534125
12029,9.703118595390782,-50.91141538477532
12030,26.566599450354353,10.032324171336473
12031,-10.476247132085561,-42.13767729083393
12032,2.2790118166692426,-51.345215608358174
12033,20.535088939307037,2.848491434169614
12034,22.04710065624229,3.0563843282166054
12035,-21.562345651021136,-28.593392869874187
12036,0.8019203823406135,-50.414977702454706
12037,19.49568019040226,-15.53446769393657
12038,-17.04548047134753,-18.932328925815924
12039,18.7703183304612,-16.27444023783486
12040,22.193165692452464,2.9556750999186896
12041,19.645909346844533,-5.597643295190962
12042,25.406302699750523,7.903128444712052
12043,-15.20796055698633,-14.802290412915092
12044,-3.4943188240444636,-53.90902857584141
12045,6.191285461459519,-51.13544751890804
12046,-18.65555441778968,-18.378908712065012
12047,21.912397923575732,-6.957981701495968
12048,26.560605492616595,10.117038470105458
12049,15.326605151545799,-31.660991805210315
12050,-25.262408511299363,-18.654577765421497
12051,-16.75536835468711,-34.5939750515813
12052,-10.389277860348036,-42.537374889572405
12053,-13.356465843313144,-37.225051109894146
12054,-6.603215753470762,-45.88395655357923
12055,18.982419965229003,-5.9180172320626205
12056,28.14321150124151,-41.183079243781776
12057,19.510616039620675,-13.034701501036164
12058,27.781917318164567,2.3538023359233153
12059,20.000206228712255,-46.64654965856638
12060,6.767345176693165,-51.56674720467021
12061,-7.784084450237297,-44.60437779145245
12062,-16.155292458012088,-30.4321785924028
12063,-27.190360560906733,-16.489897417819936
12064,11.394284107383111,-22.26629952110658
12065,15.213976910384796,-22.93520709211693
12066,20.1651195978655,-46.589616132281556
12067,26.625981019646744,10.47317389496038
12068,17.796251041009594,-32.74279269716126
12069,21.027958235993033,0.6998706964760808
12070,-10.5873772417086,-42.228935176934336
12071,19.729605740878824,-2.3254923446663893
12072,-15.49181140460735,-31.068977378728114
12073,-6.5608353255333585,-45.88155662890324
12074,15.110194174326782,-19.760129391601644
12075,17.75406613933059,-5.450253863318097
12076,-2.7244628457574724,-18.022706536825385
12077,-14.964232123903766,-39.478705501306735
12078,15.413040361497613,-14.19883961612927
12079,17.25395249902738,-15.216755128953896
12080,1.1267939290375648,-50.85165007725831
12081,-17.00912346932275,-50.718448602475796
12082,17.266538021235025,-6.439904384801549
12083,-27.942118517613782,-16.205768208053556
12084,20.21339888853487,2.952154569583771
12085,-19.762903870801637,-12.863950075774992
12086,28.517603019651805,9.475697043097382
12087,17.491763841801077,7.953524103872793
12088,19.88170317462423,-0.8945230378505533
12089,16.663903238899707,7.248941888394582
12090,-6.758885202330862,-43.732990341153126
12091,15.62640904685743,-18.637558301609513
12092,-19.635707312871613,-18.576887544497694
12093,15.025310042387053,-15.973198215638195
12094,-14.496642356513417,-37.08373835644051
12095,-20.772077700348,-34.91958652384062
12096,-16.061438150064188,-24.05383714346445
12097,22.91286170174472,-3.0380716267728496
12098,-7.2549999463443315,-45.85042763017094
12099,-14.517688156435558,-24.457901697678416
12100,19.218976160638913,-5.500409731708668
12101,19.851274160200866,-11.332825082705543
12102,15.505061925872196,-17.039819394694433
12103,15.276439708416037,-19.65309181339752
12104,3.2554679596891933,-51.8009663475985
12105,18.45529659315634,-7.1977120087988675
12106,18.373596777141795,-6.3092665641591115
12107,18.528826666102052,-10.973934212086046
12108,-19.730218358474566,-21.31722814148812
12109,-13.007090051570131,-13.090763014634344
12110,-27.559451863163932,-16.30925920220527
12111,-2.691232959580313,-53.50341390289088
12112,-1.5619255409564385,-56.32463782824699
12113,-20.00840706248314,-12.768716148472855
12114,-12.874130026702232,-38.211103662344605
12115,-4.845103482055868,-47.90175044525502
12116,18.403350783965966,20.809757541056143
12117,18.011834865120683,-8.010132826787236
12118,-12.333106779913116,-39.45712156928401
12119,18.889728766032746,-32.61914269607031
12120,-18.423747344459105,-18.077435646253353
12121,20.32322013191429,9.179729344544796
12122,19.788194477962318,-0.7328468654529119
12123,14.755918484352982,-20.301625714306383
12124,-17.302087816945885,-29.892217202938355
12125,10.650072334920432,-9.51843491327521
12126,-17.93710625851191,-18.202055650692397
12127,-4.949391850796871,-47.5512266889623
12128,-3.596100829945616,-17.433274538046497
12129,-19.608041900487905,-18.7992605525757
12130,17.290490464151148,-31.043426672229582
12131,-14.513290838986917,-33.88312843974279
12132,21.443662057688123,7.686987140625643
12133,-11.244882277163766,-42.60289928135574
12134,20.270281705772568,3.1025376651168965
12135,-1.2862217889943526,-50.01422694575573
12136,1.442491276606907,-51.21868228851102
12137,-14.700503114114094,-39.72471806975308
12138,-18.72380927405829,-24.566261578163548
12139,23.16015711200417,13.32658452515658
12140,-3.880508251027834,-48.068406651207
12141,10.789530123880681,-9.520125896618293
12142,-13.242823536599253,-35.375038788488624
12143,-13.097127138123755,-35.52573113004596
12144,-12.341319431216156,-34.50273011798363
12145,-27.23937895049127,-17.514353603530278
12146,18.92385759079585,-1.322404634747229
12147,-5.460118352520378,-47.55883077544114
12148,-5.9934250358409775,-52.28461369395751
12149,-18.838952673403597,-24.411019465076997
12150,-11.189862205073409,-34.501241661828075
12151,-17.195852625147452,-29.492182094824994
12152,24.565906730646347,15.091699202021537
12153,17.620990127759125,-5.516759946043875
12154,14.698566639623444,-19.00304418888654
12155,19.926242056946226,-2.447462613651568
12156,-17.41089404519619,-29.813402059879802
12157,-27.601115002634085,-16.24011526876007
12158,-14.144897002287887,-42.492617445498574
12159,-17.378899439817864,-27.033560272897777
12160,-11.450814760875089,-34.87186947464033
12161,-27.872872201322245,-15.985280044955958
12162,-25.390358751670103,-19.26209326351927
12163,18.382329279981004,-10.581780976730482
12164,6.239582853750466,-51.41660813236088
12165,-17.690007049357593,-26.208270507898114
12166,-12.146753545267506,-40.29498846110801
12167,19.273796387783875,-2.0490134465750853
12168,-2.5875244193922105,-55.214645880160795
12169,23.83379417277465,9.762758724931784
12170,17.953013293472615,-8.228229008436356
12171,18.907884981691684,-32.37432161098134
12172,-10.813464238578502,-42.34421622030272
12173,-16.646683813320525,-29.79914407861794
12174,25.16878300134318,8.213061374211907
12175,19.600809616587593,-0.8168114270595329
12176,16.270889606527795,-17.92271241828981
12177,17.922770416671714,-7.760231461042444
12178,-16.451106955107917,-51.97407579314639
12179,-5.643481769410049,-16.03307523733139
12180,-16.9126280429274,-19.68651896251116
12181,14.844082336768599,-20.096333201726683
12182,-12.677671012314988,-34.3678081873925
12183,22.29002139772142,-5.792017928747471
12184,17.47852687016552,-16.0080741279522
12185,22.42928871665123,-5.2646415351724505
12186,-16.506204290808313,-30.034023567877238
12187,-25.688448197865604,-18.80581834535944
12188,21.583039020648688,-5.395309664974256
12189,20.11464843282583,2.6541090760146475
12190,16.82926147385311,-15.318512780410494
12191,-14.538717858810395,-39.8106837077818
12192,-5.0165701641647065,-16.27537364887682
12193,18.639065822551114,-1.4505657094472457
12194,16.231022342065565,-13.724964898107347
12195,15.343767290611147,-14.302749771394971
12196,6.766551374817553,-51.56947296597256
12197,26.580428553172986,14.533363455841288
12198,-23.014193273423764,-17.656303276745252
12199,-4.993160835766106,-47.70485367637589
12200,14.433227462656388,-19.51175979968721
12201,-25.702786222426244,-19.118289400228917
12202,-1.1247182678704166,-57.85740411017661
12203,17.239578748702645,-32.48815198760314
12204,-5.572923051364619,-47.13214710291601
12205,17.059263353975098,-7.749518161448292
12206,14.624222316279702,-15.501044675178226
12207,17.725003187056906,-7.218584868430472
12208,7.914987738306369,-51.58951539141572
12209,17.685622641267656,-32.808624077139335
12210,-6.4537333642711205,-47.228910048476465
12211,6.040803989674952,-51.259269147539605
12212,-12.24193017785367,-40.541083603513805
12213,-20.004299558837452,-18.402090573852863
12214,-29.50296386453169,-11.667964927409955
12215,-14.025322600430147,-45.07630687599792
12216,16.5435111225817,-9.533878642935083
12217,-17.398574213792184,-29.58835037806303
12218,-16.98229556353707,-30.888616229964338
12219,-17.599859054895997,-31.875174577174093
12220,15.109342396464676,-31.7097147975334
12221,17.64710441815671,-7.312529515344909
12222,-19.196767659704758,-47.90467238712015
12223,-7.134658445212137,-46.10813857857659
12224,-19.98578444682305,-21.568542563149645
12225,16.7730537472047,-15.352165877238628
12226,-6.79868700291777,-45.73786472258836
12227,8.526382832673665,-51.2426990218343
12228,-16.369826556888665,-51.989005990651144
12229,-14.734192180620296,-36.97849489922001
12230,15.511712040747545,-16.7297862973187
12231,17.511337268057897,-7.217382895453884
12232,20.558233417693167,0.4038862513351735
12233,21.19269546192029,2.8825163169247907
12234,17.067161046478358,6.050423505396802
12235,16.69112170873748,-9.40741144991334
12236,17.288197400313496,-32.256762694525364
12237,17.189693419815203,-8.90628790897739
12238,-10.099238821313126,-44.38440886907936
12239,15.484615477804208,-18.519488531746376
12240,-18.62107055522502,-27.74917022184838
12241,15.245250259199459,-16.973703179473738
12242,-17.41313476129514,-50.119268913642536
12243,-17.741149410568212,-47.91661560362438
12244,-22.807575955871265,-26.5185130090685
12245,-18.57067336586214,-27.57169048556103
12246,-11.19416629168341,-43.627618887515
12247,15.490332289557422,-14.155253740138736
12248,-7.026078907158346,-47.11506149749723
12249,22.005760762807245,-5.0071432862612495
12250,24.699587857233897,15.045516607995964
12251,-14.645035957451983,-37.044929511044934
12252,-19.10571245885922,-47.605363336380826
12253,20.26259686877667,14.496649194329638
12254,-14.785977282818068,-33.70254859973767
12255,17.654552502441586,-7.240695969926162
12256,-20.1006254936164,-15.540135130997246
12257,18.3718382236363,-2.8518637996376413
12258,-14.312569984130251,-43.88557231305647
12259,19.453418915726566,-4.304625394861459
12260,-1.937014218879469,-18.24993928429467
12261,22.557910510325062,13.137207137890016
12262,18.714071120291266,-1.4416418009316656
12263,19.378410871378016,-1.8030434033146476
12264,-14.712887920051145,-37.15173170463421
12265,22.8389896197017,-2.907341236431965
12266,15.245576083969569,-14.580127576138159
12267,-16.70142316641277,-30.377497863289648
12268,10.765064099225574,-9.608838038324789
12269,-16.157283563066102,-24.133033641849575
12270,-14.592626652963697,-44.12782675347377
12271,-14.337584302592601,-39.98065139183036
12272,19.538760718747884,-1.3340733162035698
12273,-19.516239843254137,-20.29612539922196
12274,-2.7309133762347697,-53.58767999020834
12275,19.352958018926604,-3.377531082230629
12276,19.621288410370774,5.03390836817023
12277,18.851330000881553,-1.6693052521542096
12278,-15.142217935142945,-41.9699848079886
12279,-19.780612386826444,-20.24983308967474
12280,-19.192580479475374,-27.162192545028947
12281,14.43408743368318,-17.30247681444925
12282,18.220199026740193,-34.23501919341458
12283,-26.105597285749926,-18.016349933681255
12284,24.90481344290546,8.84761068691194
12285,-27.177510619291763,-15.517143641471984
12286,-5.199089410764097,-47.669707956172445
12287,16.679391628150977,-10.969357980211266
12288,-18.060496209872095,-26.608178994666833
12289,-1.7943813934220736,-53.7614606808499
12290,-6.062473055485342,-52.715877003244664
12291,18.631208485063848,-34.41379064494671
12292,20.257710416424747,2.0776440521891306
12293,-5.932132500678767,-52.748912490613165
12294,17.99726687355675,-34.02376356175857
12295,20.23920674043847,1.186190888122825
12296,-2.821553820138589,-17.822224846913713
12297,-12.637915109382684,-39.43509894226311
12298,21.678298481400372,-5.507840498080577
12299,21.72201181301143,3.4562576073871756
12300,-23.16949223128883,-17.906315920562015
12301,19.51409889912377,-3.591470975614212
12302,16.823538268210104,-8.575016115690472
12303,23.48499992735993,10.35968444843646
12304,-20.121326076606483,-15.503769448357817
12305,14.471598712068936,-18.864709341574716
12306,-19.21353447342061,-36.717555708615265
12307,-5.949902986612698,-52.88809585198707
12308,-4.877593090915938,-52.549383441779696
12309,-20.072171372494278,-21.557401540263267
12310,17.021734688422665,-8.894886564022217
12311,18.0215039338291,-1.9315763599080935
12312,-12.600616900786951,-34.45046201899312
12313,21.03276655884602,-0.32652145014922523
12314,-8.613828440301948,-49.85550316197187
12315,18.586333059281326,-1.424419535255434
12316,-23.1750880308257,-17.845316610417985
12317,16.49623345645633,-10.697969821806245
12318,-13.837548425441824,-46.726803385494705
12319,20.469624580704423,0.6021711023557103
12320,-13.687805214140067,-41.9483652240075
12321,20.349628875440388,0.9164050332281328
12322,-17.60414485587592,-49.10914102602963
12323,-16.3409496597226,-35.91426172872928
12324,-25.922285616459728,-18.92680766676843
12325,-19.124066729672663,-13.451625757603358
12326,-14.16378798925823,-46.44638717098126
12327,-15.884336025003725,-39.08351088570006
12328,-17.516464905868062,-30.470170206832854
12329,-10.519621604502985,-45.056353034041344
12330,-15.947728881085489,-40.378049329816825
12331,-4.989040616775563,-48.1870339076199
12332,-17.0606241928227,-31.764086616159588
12333,6.993034324561603,-51.95360768772467
12334,-15.10964386148933,-41.938881033336315
12335,-10.21825282941801,-45.2553637476651
12336,17.55257033051423,10.923627242104402
12337,13.589484710106166,12.99671336296192
12338,2.759056279964473,-52.279297487554466
12339,21.066905676757358,-5.177765394103144
12340,-17.388378224237442,-31.762288991660007
12341,16.962129362184744,-7.22061629328937
12342,-17.64397710264217,-48.50880085025512
12343,-19.022565634744353,-49.10586790170295
12344,19.9144108355446,3.737331356539059
12345,19.592939000434964,-0.4822395876904715
12346,17.988969307393393,-3.276760258468263
12347,19.564124642923648,-1.9796235948400078
12348,-5.448746165124185,-16.157916257978123
12349,-20.518092568412307,-15.780740839885611
12350,10.68246027952878,-9.43097134532999
12351,-5.598729918994704,-16.08248287457784
12352,-17.588108100578282,-49.76386106543604
12353,-5.326052813511957,-54.37898491193909
12354,17.24518561404542,-31.021503395192354
12355,-19.336638623663376,-27.186299426726514
12356,-24.938558177826213,-20.071825634633587
12357,27.325259056417266,14.63192208197053
12358,18.337496938056375,-0.3992587262259685
12359,16.316288126533422,7.248925871216133
12360,-15.085215236151932,-37.23399966456524
12361,6.281196294554874,-51.62043101867989
12362,-16.366610134864803,-39.66910187266901
12363,-21.166795913118516,-46.54407407682993
12364,6.303038941819704,-52.50847452001429
12365,14.1144963607606,-19.47433350182177
12366,-15.61926422090968,-41.49385012416152
12367,-5.188529480072976,-48.00445217420223
12368,-19.726661168027984,-47.272174112335215
12369,19.396835434637158,4.417081381620705
12370,-17.69255820105795,-48.053397921374476
12371,-13.895258677248172,-45.384685394543865
12372,20.036589921315315,3.7432064899625868
12373,19.957858652918798,-1.966197547019067
12374,-17.119893089625894,-51.09824217474975
12375,-11.886544437991446,-42.885040204524614
12376,-13.729696853375803,-41.89628835911175
12377,-5.9468801846148205,-53.061283271709094
12378,-18.97999826540975,-27.550057842428888
12379,-11.579803034301559,-43.3831437537152
12380,-21.03309789648156,-18.295682705929785
12381,10.89141034465155,-9.40019419817567
12382,-2.3978268016148236,-53.29163015217924
12383,13.287217710372143,-19.853920324734187
12384,20.151895774722025,14.390374005211054
12385,14.438157123377145,-15.344442354480964
12386,-14.868849734944716,-36.931998581810554
12387,-17.452264552214604,-50.428444964003525
12388,-14.588763574692887,-44.20821846201039
12389,-2.5129955919877633,-53.28745333377448
12390,-11.369891317345445,-43.55671840205952
12391,13.973047765029023,-19.38747630317163
12392,23.422459056599372,10.68133115196077
12393,10.099738421032265,-9.496435935627108
12394,-16.310213606762066,-36.20759157526604
12395,15.725426463340426,-7.7530766834358795
12396,1.2158893929297796,-52.605315000047156
12397,-3.0540358090497426,-54.81251948164799
12398,-12.808254392294893,-42.549933392291
12399,-27.40077715127107,-10.83096759751752
12400,18.722738486132805,-0.8562780840063685
12401,2.9897507576484346,-51.81217143234669
12402,16.29468897996137,-10.673180270194363
12403,11.090103720077199,-22.034498964652112
12404,-11.084797206138333,-43.997370302527194
12405,18.130485982388233,2.7572090464639936
12406,-11.018303688147714,-44.078505420485136
12407,-16.492788559467137,-52.51019630702079
12408,-15.373017580148542,-41.865603214088814
12409,-14.974479001353822,-46.22468943689347
12410,-3.423275666219693,-54.75631042365643
12411,22.491624949786576,12.926819309650838
12412,18.04780626329446,-1.5751729813632365
12413,-20.50624500020872,-15.765595386100848
12414,10.211997054090938,-9.358104902086312
12415,28.17174342820791,-41.09096836921138
12416,-10.920153337270136,-45.964532601859275
12417,22.483288180096594,13.176545496258809
12418,-25.60608346607181,-19.330646591704017
12419,14.412269212223412,-15.410288710112651
12420,-10.374403830082068,-45.32232558579935
12421,-4.95221006860164,-48.8996909853491
12422,18.779513609646195,-4.724832873474528
12423,-10.778993045632275,-45.8921338880007
12424,-15.984156618355199,-38.58705496380774
12425,-17.73452197025876,-48.02850914205605
12426,-10.538440647385718,-45.525328348520645
12427,17.457469201232772,-4.824690878385025
12428,19.286475297444845,3.196767290131546
12429,17.78135462704906,-33.93397808114821
12430,15.708921826528421,-6.921207340763381
12431,15.427155890277607,-8.953012784393163
12432,-5.942859186067282,-47.59195125660815
12433,10.240958536044808,-9.329591581010657
12434,16.210497579020455,-9.569111880948773
12435,17.268381170047892,-32.05606151740924
12436,-26.25802081847241,-18.772921089570175
12437,15.534951683892317,-7.6177911103163405
12438,6.071558595027086,-52.714434032116415
12439,13.885733231230784,-16.912010650049968
12440,-26.35474900095716,-20.320471324622073
12441,-19.814722309619313,-31.500533508318078
12442,-21.00515527785093,-34.72874072523045
12443,-20.162593709687613,-21.782156894108777
12444,13.624570195507713,-18.857430742698842
12445,-12.01838843909166,-42.85605552119278
12446,-10.933410787555273,-44.268921253173495
12447,-18.039277206389944,-30.97883458027132
12448,1.319581885884141,-52.393478682500884
12449,-8.722248881785182,-49.863846725967434
12450,-17.175132415179025,-31.377521800790355
12451,2.6371112022773646,-52.24931230441092
12452,-1.1552716422261393,-58.03664656726717
12453,-18.09781866219889,-30.39197384298752
12454,-16.29005518168657,-39.17159732293246
12455,-11.31679756008044,-52.732669946111
12456,15.741327972625129,-32.22248204197671
12457,-17.8204992848067,-10.78926177070012
12458,15.761855084954327,-6.599364742761748
12459,-4.354833583997594,-55.983402751019405
12460,-23.023579128199657,-17.903535453494246
12461,17.740845009533174,-2.6713783337197423
12462,-14.159451349734798,-47.099684678643634
12463,-15.986774729524036,-37.94820875328375
12464,18.63753301191662,-0.7077091389813814
12465,-16.051700174639667,-41.077041146566984
12466,16.03880401644768,-10.752265248165491
12467,18.76614350528037,-0.6097653795202574
12468,-12.490047866910539,-40.889497433888515
12469,-20.778444502954148,-13.060979977575633
12470,-17.859108064975725,-49.485486756398466
12471,-11.324070998937435,-46.51761137803822
12472,-16.463238424501828,-40.02126287550502
12473,-4.442813211234319,-55.952095226285294
12474,14.089493195920229,-16.87152648811352
12475,-26.89380480859434,-15.038768598344138
12476,-15.770801567631004,-36.605421768904606
12477,-1.3670657223763905,-50.16798883601488
12478,-17.725120046199397,-48.1106779424011
12479,14.614667013002746,20.481917218463533
12480,16.753495075714948,-4.829938459697418
12481,-27.424225204920997,-10.843847575472003
12482,16.814580003100364,11.402883949258937
12483,-23.30714088361149,-17.414611850926796
12484,12.557745593498149,-16.072817326586083
12485,-20.227749245259165,-31.23255252157286
12486,-19.271769324632167,-20.455261655976177
12487,-18.11435527721529,-30.184027592952095
12488,-21.303738457981556,-16.460743113848828
12489,20.797010566882015,14.5447547363297
12490,-27.99196423690467,-18.779411698662628
12491,15.568346883526784,-5.485723419537223
12492,-14.557849243173838,-47.219633205010965
12493,12.732820714402994,-16.20381406327956
12494,1.5738995407747298,-51.778694269538455
12495,-4.014162189081985,-51.01772335012589
12496,-16.33258805304728,-40.700607687183854
12497,-24.628971028150122,-14.228289646201125
12498,-20.336291836400537,-23.66077612424533
12499,15.47271939897535,-7.293464744899264
12500,-14.621651721465764,-42.5952287585272
12501,16.358489772351582,-5.978410926158234
12502,17.269628505456385,-31.261930118052963
12503,14.807623767528126,-10.365196632116206
12504,-20.403596912307624,-21.59673023668783
12505,23.789950811802246,-47.01589263062872
12506,0.06546206387165086,-51.191864388458335
12507,19.007796812686053,4.858288440425351
12508,-21.85952388855845,-24.90203782468854
12509,15.358539307119704,9.300736721345544
12510,-30.129691517570432,-11.08373192670671
12511,-2.3463186507039864,-53.939928958141884
12512,-18.456931507018684,-47.4428980997229
12513,16.753613472756168,-4.831455079918416
12514,-0.29637569749600573,-60.80767605974488
12515,22.209132694636704,13.252928504171889
12516,-10.766867977827788,-46.72965917239505
12517,15.1479164937587,-1.0576783059986832
12518,13.762169677056386,-17.84982682164866
12519,22.185274219915065,13.323225579971183
12520,-21.604893668364685,-24.80441708116615
12521,13.31170402231743,-18.373784251193243
12522,-8.701726806277476,-49.83185808115359
12523,14.866155924452602,-7.406925596062999
12524,-19.010266149833676,-32.10965945213096
12525,-14.468624582880445,-44.73130370478319
12526,-20.378996226280904,-12.902034920330568
12527,11.511478265269833,-9.076774507123881
12528,-26.87611856611243,-15.059349925899879
12529,17.3138717834376,12.625335735577236
12530,-10.342612797313006,-54.1974669330565
12531,0.44973883815056626,-51.741265525870226
12532,-13.615743230798895,-12.41239278479526
12533,-18.237520100133636,-30.451846733582823
12534,-15.924462661240344,-42.13608504023883
12535,10.524599071123175,-20.647322069597447
12536,16.16413119990629,-6.206594453847236
12537,16.696814419895077,-2.334650548154164
12538,-23.247724468247416,-43.387692542492054
12539,17.386049212474596,-33.75084577419561
12540,-13.35200686274795,-48.03009382093977
12541,13.618220229736627,-16.00038207893053
12542,-16.23969469250809,-40.94338822474554
12543,-21.507765983125044,-16.590435980087637
12544,8.056664890332543,-52.58537610648536
12545,-17.185233621521604,-48.23524784209607
12546,-12.496807308840369,-44.023724058127975
12547,15.47076753010919,-5.622049468456904
12548,-21.357619980558255,-22.411394577568185
12549,9.455697599834455,-16.308207818915154
12550,17.816673220933698,-3.468601492538802
12551,6.5999231720089275,-52.36365759554358
12552,27.23665634102897,14.66996939416363
12553,-16.391209304346784,-40.50359595275764
12554,-20.88157193750842,-18.55371538349989
12555,-20.743421190053805,-22.91241686736602
12556,23.122917061067504,10.594998200247758
12557,13.211143956027259,-18.85222031642087
12558,13.331363080216185,-17.849379278485408
12559,-16.939706188639878,-52.2122084432603
12560,-26.244299849258983,-19.950741067193377
12561,-16.397385002649546,-36.44385431191042
12562,-21.733570045143093,-24.812017764273563
12563,14.172270768958333,-4.245490704043598
12564,-20.869273357038814,-35.068866968824345
12565,14.671542692713285,-10.474912046351802
12566,-14.62366556837319,-45.49197791726557
12567,-20.97774511697014,-35.03048774649758
12568,-20.65497739241062,-25.1257140064667
12569,-13.097800907711843,-42.46750300489748
12570,15.56201158221841,22.175074273506873
12571,16.925885685021786,5.98871170854854
12572,19.106743736759306,4.3187503807437295
12573,18.137948628005883,-0.6950353175809798
12574,16.643363221879532,24.580400874257645
12575,-20.583084021173377,-21.47003387503567
12576,-22.52525464768093,-26.519574649807094
12577,16.55371430859007,-5.6193510407591996
12578,15.399006588611275,-6.733326186867752
12579,0.6100233237270167,-51.91555157580482
12580,-20.87838262953456,-18.914667126605107
12581,15.838954748028385,-2.4825996881621823
12582,17.90503639380256,-0.27441681592844636
12583,-18.939070741760386,-40.13036257823103
12584,-18.552082131210415,-31.62650364569577
12585,-20.312574676478494,-23.859964321447958
12586,18.81056184153735,3.7669250203233493
12587,14.37518974358848,-6.179580623276786
12588,-16.023024363914104,-38.24570584425699
12589,-20.557609820389093,-30.63930135753509
12590,11.403067686326393,-8.3773169169555
12591,-22.015215041873294,-22.046383864608092
12592,-19.54536720498964,-47.552048689864854
12593,-6.078175646489484,-54.69465713441009
12594,14.184122092171007,-7.158852439432682
12595,-19.61512611251133,-27.37476004738428
12596,-14.40062623734718,-47.232789242719754
12597,-29.36249586398908,-16.64923507245389
12598,-7.842501575174645,-53.34530043482145
12599,-18.055593535548308,-51.915147647310135
12600,15.194785623235836,-2.4193316435396826
12601,-26.397959820317357,-18.192015638080342
12602,17.98915983056781,2.9573674076337806
12603,15.273183530201734,23.148249189518467
12604,-8.351977076410373,-52.60010983179658
12605,-19.115483198135827,-49.48759889846302
12606,23.04464688034383,10.60055760375759
12607,19.07594998552311,12.434293141973194
12608,17.534673282971088,-1.3768405328323674
12609,-17.159062644175805,-39.19592205397959
12610,-28.963687720929258,-16.952299162045048
12611,-15.983611553496583,-47.90216040274049
12612,-21.172803916622712,-22.54719802254056
12613,-16.89944931438213,-42.63189128380114
12614,-26.37952045117733,-18.111597401250876
12615,16.396647211025293,-5.839951585966228
12616,13.753599965514193,-16.566378056485156
12617,-19.192441162616984,-50.40040733125524
12618,-30.31693393528669,-8.479404119129688
12619,-18.293682643894,-50.0315995959473
12620,-21.32453736986379,-46.61951689164056
12621,-16.07236442596224,-38.23954059280227
12622,-5.940530258328485,-54.89881466070348
12623,-0.7733248338387427,-59.877115625658405
12624,-13.936205149559852,-45.54386714190548
12625,17.521560200560412,11.352748548071173
12626,15.367701893029244,-6.1984027039241045
12627,-27.466039649158834,-10.870559846310798
12628,17.07078286501754,5.3973982488144365
12629,-16.571189749864725,-40.45685106483169
12630,-5.344637020097691,-55.02572177085137
12631,10.033210051502987,-14.3161552760851
12632,10.41108727031639,-20.096297201203715
12633,11.49544055419456,-8.287803083543496
12634,-10.930670039185578,-44.75677809760127
12635,-21.1011698581705,-18.625408203658417
12636,16.956170396987133,1.6663464223582891
12637,-12.539934675930995,-44.14581545583689
12638,-13.66842822418739,-49.98759955342946
12639,15.378676465878687,-4.901814065010854
12640,-15.048581905133293,-47.79136382155009
12641,13.164504539903456,-12.79396222962993
12642,15.215290154315761,1.6368539427194928
12643,18.71931891092374,3.6766642282492725
12644,-22.358877597286533,-21.887882002708274
12645,-14.024055551167438,-48.21216314074325
12646,22.974899166672664,10.618256409630643
12647,21.47471539188788,14.416667246715303
12648,-20.347945928877568,-23.9271475110714
12649,-25.52882161016715,-28.559276063201892
12650,-1.2196757551720432,-51.03911290482494
12651,-8.152654462911995,-53.0742569648652
12652,15.076562096929182,9.088038285527466
12653,14.502656799928937,-3.8893164324823424
12654,13.809313099020834,-7.466018499403088
12655,23.32296673449943,-47.070227577167316
12656,15.209434885576922,0.9386718951737789
12657,12.877956437857106,-16.484192295901178
12658,16.37627050686387,6.449153719229161
12659,-5.513771424495399,-55.13033573838729
12660,18.539697343997787,13.429515854593886
12661,12.712564099363059,-19.784207334369796
12662,-26.586837928242417,-19.9227159933012
12663,12.760679353533856,-16.38907653321515
12664,13.63931505483644,-7.6961465865982355
12665,26.51163759012826,-47.928990562755935
12666,-4.395752861145673,-56.68587233922593
12667,16.951699920900335,3.807296121186059
12668,-19.391775617727,-49.1081515506874
12669,14.727409301859028,-6.273705947077938
12670,14.509823935261352,-3.3594956068230593
12671,16.67726460264063,11.674168296134166
12672,-16.522419242443313,-41.93375908505666
12673,12.216789128661125,-16.1052502824176
12674,-2.922419746393603,-57.2816546041755
12675,-15.410332029686295,-54.34046646712371
12676,-23.31129279816396,-46.012748035533086
12677,12.689311167776326,-19.90000025718019
12678,19.167360491857917,5.130498662831739
12679,-10.643703161050421,-54.2535367456483
12680,16.844100640071083,-33.821087352406074
12681,10.26811606213222,-20.206656939714094
12682,-16.893989558628373,-42.5269510357557
12683,-18.667482172525585,-50.29091301765786
12684,-12.450807275825145,-44.03509701945361
12685,-20.536758014704436,-30.5744192663762
12686,-28.40947875647527,-16.53625942347213
12687,-21.280364126488927,-18.63173018172909
12688,2.097800962982086,-52.79555780481485
12689,18.030884817324527,3.1088219087359126
12690,15.396406382631987,-6.068522392226404
12691,-25.381076199642212,-29.037327882170736
12692,13.43418628048548,-15.519051433460918
12693,9.749052778820966,-16.110737947056315
12694,18.26579116172404,12.894199962221835
12695,-27.94040189751291,-15.205741591292018
12696,-23.496680369968193,-17.00666508385652
12697,16.668884181184314,-36.513828238757064
12698,-16.860878761067,-42.250747178584874
12699,17.502954282280015,2.8199860780760555
12700,14.319111830060294,-3.890078917534215
12701,-4.597995786950446,-56.45354870059073
12702,-13.005181972728181,-51.8149416275923
12703,9.767849422856365,-13.805023617376017
12704,18.280757276216406,3.73769430282187
12705,-11.063324316973711,-53.280584435175335
12706,13.547667605121612,-8.16228325639142
12707,19.16317168881983,4.9636570724328894
12708,-6.568547434571408,-7.394966381869783
12709,12.958774620103155,-18.54662395999588
12710,17.18744061411206,-33.73332048322031
12711,-9.859646120525078,-49.02207137216828
12712,-27.879718115052793,-17.38602234289545
12713,-4.528086199148637,-56.554666361242106
12714,-27.04711716348548,-20.56625362486713
12715,-9.912367414188417,-48.91661883152017
12716,-31.35198618473536,-16.93608246702349
12717,-26.33170584935076,-14.530313581864176
12718,-22.15867270688775,-26.825982396153204
12719,-20.678571817262018,-22.135731819980986
12720,15.30305091646904,-2.486141627819322
12721,13.4643694886066,13.10185689025034
12722,21.289701137510193,14.23080972281037
12723,13.512748420179104,-58.41910267604033
12724,-14.242598842403996,-55.05555283795076
12725,-22.12328783414287,-24.9322123078076
12726,12.95494958206212,-18.57065339533574
12727,-16.978442639055892,-52.69425246751621
12728,14.42120187534117,5.298222439322125
12729,-11.395978478168312,-52.912641186801324
12730,-26.694279084595887,-17.951465253436673
12731,15.479497754373318,7.269167771675264
12732,-21.011720792381553,-23.373520926737655
12733,22.134596206257303,13.251148376261947
12734,-12.80096651684901,-55.50157107456826
12735,18.48761011442907,14.186323936911
12736,-21.13068007715747,-30.788058607752614
12737,-25.70652885840839,-28.820762827637616
12738,14.196696260641922,-10.689820567532916
12739,-31.090634382458635,-17.40741046342875
12740,-27.708424126088914,-14.881963062297766
12741,11.31076122005664,-2.458272360382464
12742,-15.8514546772912,-54.09100712231251
12743,14.064277349827128,-3.980624048540121
12744,-15.286211774516355,-47.86866167619811
12745,-22.214503056602396,-25.53315238410864
12746,-16.85595328002069,-52.66657292991729
12747,9.34711156845184,-16.25180832654181
12748,-21.06804766857377,-38.644469435538426
12749,12.407720261317962,-20.290491623494997
12750,-21.709160368350933,-28.5127715832227
12751,-27.419705330845776,-10.819520635691388
12752,9.705281163039228,-13.613492240980165
12753,10.271497829795502,-15.617980231659429
12754,-21.37067948643255,-37.95970131587714
12755,-17.099794043327016,-42.80144022270363
12756,13.656414720709538,-6.914458155821604
12757,13.858998650123379,-9.458092240541992
12758,-31.376698157128928,-16.87581208064116
12759,17.599860168995075,3.2753338134197505
12760,13.893703274757936,-6.483768030967661
12761,-25.31224035631092,-30.092976400987187
12762,-21.23513048055725,-18.84858338175447
12763,15.274331008700601,7.244189507120233
12764,-17.031159289672264,-42.39928131597233
12765,11.730678407364053,-8.093284434014693
12766,14.903318476754412,-6.356778603469618
12767,9.98832878475342,-14.426096395237339
12768,16.855698348233975,3.9891111760052915
12769,10.664484208428892,-8.186852699964176
12770,16.755393988445952,-33.86151650246312
12771,4.740602498228052,74.12369466257257
12772,-21.066818461805102,-17.658780890316127
12773,10.621581911255117,-18.39254530391005
12774,-19.509450264852106,-39.91373066028658
12775,-21.314555304012195,-49.09006277483637
12776,-18.115180393900705,-51.951736186306945
12777,10.554409740624653,-15.499016423633442
12778,35.1074722877443,-40.985896742981204
12779,14.026898000779607,-3.562521493680026
12780,20.87297808028825,13.630912134674572
12781,-21.401866983853008,-46.64051366527109
12782,18.756350077320793,13.51757770773243
12783,-18.07604858867409,-51.959967759265325
12784,10.911432571225935,-2.8192211120570847
12785,-17.29643096423112,-42.94677489266015
12786,-18.03393519158468,-42.94445879412392
12787,-23.33048423979704,-30.312292747703882
12788,17.087742051294995,12.475681047768322
12789,10.671949983162065,-21.931099501438307
12790,-23.582274152970076,-45.04758660679607
12791,15.698543242691082,-2.334216464582536
12792,14.669083335282169,1.4940150823929912
12793,0.2725620416126472,-51.878433319586975
12794,-9.994006534831042,-54.49281238834662
12795,-20.639825968483056,-31.510855989942343
12796,22.738036664946424,10.77279887539788
12797,16.295070495655263,6.586415482747758
12798,-19.96367017732901,-31.84202661439887
12799,-24.705068066845353,-43.83515539820493
12800,13.981217534520706,-6.400216146220948
12801,-18.963468021085212,-50.87703017341265
12802,-20.881168728414025,-22.601477917812375
12803,-19.096236007431465,-50.50245390636014
12804,-14.083082664009305,-55.0993410114317
12805,-15.467683291084235,-54.484005194580554
12806,-15.146439808229706,-47.97741317078272
12807,20.02452305771416,14.582627319858311
12808,-9.182357594907572,-52.574833416721575
12809,9.933584351400066,-14.295774414048163
12810,-27.117229820188534,-25.025905594585247
12811,-20.96306938699616,-38.94154968049047
12812,-17.972935446966588,-39.254689616453746
12813,-18.26998546361991,-51.67451203583881
12814,6.482451057304708,-9.956598440755512
12815,-20.550317668142466,-49.399339575720205
12816,18.071246629152114,12.993562162673395
12817,14.669143417305705,-1.7692280220370389
12818,13.22317168234648,11.335286593382763
12819,8.672598337063333,-15.579075293838542
12820,13.675966197215566,-12.551570750448054
12821,12.694256165777702,-11.782220514940356
12822,0.2252147589721811,-52.94012060871571
12823,-26.481676873043394,-27.77745691573409
12824,12.598074751071556,-12.628774554226306
12825,-2.2785093740290403,-60.10441273157678
12826,14.990744998271168,9.278048386764093
12827,14.944785460067449,0.7223836832984574
12828,-27.980963458044027,-14.808936293566905
12829,13.587353745925464,-4.5735237409537906
12830,-6.483411080054647,-56.61949222080659
12831,-24.041338195742664,-31.847479441427325
12832,18.95469357390631,12.868312820128203
12833,17.813638565677895,3.634289910177629
12834,-30.27573094857036,-8.349460315508647
12835,-20.939048513773447,-39.93666311140634
12836,-21.167859732882086,-21.501553100433846
12837,-14.525555505332191,-50.846977062988074
12838,-23.97727774090541,-45.88912738822753
12839,18.60229040012653,12.89549996316676
12840,9.899951224561038,-15.04574094856175
12841,-18.90434429572048,-50.16520726678651
12842,12.339095921888276,-0.16400434477533637
12843,12.828497646404097,-12.128913411337065
12844,-23.70777891737681,-45.08389938185993
12845,-25.423015959891472,-45.90524783781866
12846,-13.945384183216706,-50.012051273567316
12847,-23.707414670678588,-45.89480252064361
12848,-2.302232544227138,-61.10611293072342
12849,12.676365488888633,-18.57249903437732
12850,-23.931037823537505,-46.862517193065344
12851,8.473285621652238,-15.249001657478878
12852,16.386114128415084,2.624127816087565
12853,-23.70238550185241,-46.96509100213931
12854,-19.904493358389423,-50.835642388914685
12855,-17.724870786582773,-41.99290122854409
12856,-22.70918794950263,-24.410614992245314
12857,-7.544541546799553,-55.17195399321987
12858,-22.25290781641529,-31.481643768232377
12859,14.518607589939107,-5.941477688807414
12860,-24.90867223450489,-44.69867876356001
12861,-23.152364944114538,-44.426692658443606
12862,13.112193498590093,-13.033185696032469
12863,-11.689189377229203,-47.133469534784695
12864,-9.046626658591167,-52.95738698980688
12865,14.466228307110251,5.497909582959699
12866,-25.9512992206461,-30.37852701279586
12867,-9.61520565444833,-53.67402477075152
12868,14.540127635450729,1.4086471456091927
12869,-19.791370868467915,-40.26094103306062
12870,-21.175146269995714,-38.57617809949446
12871,14.01058804441649,6.886482202528277
12872,13.554175244276603,-6.596883963255269
12873,12.46558286336239,-60.4878527568461
12874,-26.662649035476903,-27.56879072639325
12875,-28.354367189457474,-18.82918275069191
12876,-17.591813938970056,-42.71658002171693
12877,14.126025146718899,1.5265160022658901
12878,-8.282637171504406,-54.86730571755703
12879,19.02716891242455,11.305931999678759
12880,6.743393491316947,-12.120428019862876
12881,-14.829776243054848,-50.37318390493534
12882,-18.05919484264091,-42.997877075111695
12883,-18.024116518843933,-42.92649084983552
12884,10.054257386360828,-7.455401147836869
12885,-29.110701385904825,-17.04449601250028
12886,-21.412429841653083,-18.775674280755688
12887,-21.10525807501228,-17.419634554764677
12888,18.14200321166059,14.344427894315942
12889,9.481103755176898,-20.18911335016758
12890,-24.05161246436146,-31.332252036703117
12891,-4.3045279503022815,-59.833183924393616
12892,9.985809632937157,-5.569657057008618
12893,-21.200466730196265,-38.72878271443059
12894,-25.01067325324396,-14.048319721913975
12895,-23.71025043093416,-16.639145434954767
12896,-23.374018401951883,-46.270862404969876
12897,18.2657598449157,14.21646166730512
12898,11.140516970096192,-2.3014700200629368
12899,15.917330756429605,1.6932040190805289
12900,-23.279541015617184,-30.05761901554889
12901,16.707051277102778,-34.08135536827026
12902,-25.64277454445232,-13.796186785284531
12903,9.42585962110018,-14.71227764854794
12904,-7.468681424382894,-55.26578646898884
12905,-22.466311351880357,-44.53213002987426
12906,13.99819713313547,0.047739909428672185
12907,-23.75729709524804,-31.813540214414175
12908,-1.468855567364527,-50.699118840488865
12909,-17.42273210356371,-44.3298855134583
12910,-22.784260563621356,-31.685072314376715
12911,-22.57952774511793,-26.188555964232837
12912,-22.82672572882305,-24.31335833909081
12913,-19.050674089010673,-51.07231731326222
12914,-10.12347118842694,-54.65493080862854
12915,-26.48151597988028,-30.453212131134606
12916,10.356882070970368,-15.3700849963564
12917,-21.35476055143404,-23.03883279195864
12918,-22.69235357089674,-14.061434172608498
12919,14.524565603974972,8.853852940253658
12920,13.217110039774711,-4.05714850703256
12921,14.403717246405499,-1.6234800477194264
12922,11.76017655984519,-7.968183025537447
12923,14.142554118137305,1.365815646663112
12924,-21.216976786492012,-23.107896511728395
12925,-0.42431375118389913,-61.80011190542961
12926,-25.098795387488174,-13.973175589526122
12927,-0.8440653518505401,-62.80115830406928
12928,-12.628337334106204,-55.94064948764883
12929,9.510956199500265,-13.289654889766224
12930,18.170258207348997,12.50398567219506
12931,-21.438813606652925,-37.83629359310704
12932,-18.749555228956535,-51.275450839153685
12933,-0.19127850835155205,-62.23266234542826
12934,-24.674931183854895,-47.509626344813825
12935,-26.063925312055847,-14.199245385483811
12936,-17.621191234489935,-43.974437951863614
12937,17.971328631090127,14.45882366179794
12938,-25.857997072023778,-45.41452112094202
12939,-21.398390776617976,-21.593078154543612
12940,-49.44090620656308,-36.635857628462695
12941,-23.836652117216317,-45.374084028899745
12942,7.472251542432016,0.8798284277379528
12943,-4.164300322200462,-59.91089764365616
12944,-5.9977309433625745,-56.43030460481559
12945,-24.455410915298287,-26.62866560570574
12946,-31.08213503572083,-9.374145868255516
12947,-19.65282456267527,-51.0051102480343
12948,13.894158782619424,-59.92774607913526
12949,10.014470789110845,-12.649154644112672
12950,13.616468043971215,3.1241379115288233
12951,16.72467037536804,12.343004326081374
12952,11.38987266869626,1.250162416327873
12953,9.716822229981478,-15.091894051986928
12954,-11.427248492531298,20.646610616093273
12955,-23.485988692488004,-30.085507303467946
12956,12.46651739427459,-11.71091242700424
12957,-26.755949855478516,-28.577448118856463
12958,-14.806879437007183,-50.19829586717286
12959,18.74086082236093,11.281858546066951
12960,12.515197678718708,-11.987538105343058
12961,-11.497071379034097,-55.91943004153288
12962,-24.052310804359454,-37.2703034982148
12963,-32.05732748013649,-11.97285759120906
12964,-10.153240951541894,19.130375092904057
12965,-9.096070397507644,-54.10495908792936
12966,-9.199279788731847,-54.23409799763598
12967,10.774913452230539,-2.7680577107314552
12968,-27.60312152937495,-23.749678633290994
12969,-2.0348283340772317,-61.84607270809705
12970,-25.628016724148644,-46.13502866238533
12971,-2.4273612809870873,-60.32247944328066
12972,-27.851247654775815,-26.89135865401443
12973,-17.688417629479115,-43.90507430986616
12974,-16.690595516372298,-9.134940758595077
12975,-8.274300901778945,-54.715546881707
12976,-14.330300172374093,-56.18209766254084
12977,-17.88475768546566,-43.789516266223075
12978,16.186535442162214,12.152724561941051
12979,-24.29185156665398,-46.84630826568709
12980,-15.758159523991687,-54.90328957758838
12981,8.150675103444774,-14.75769185066009
12982,9.331024061224134,-20.14877579851818
12983,15.640717879160972,12.14213720852565
12984,7.547094392680665,-13.131336142006711
12985,-23.988623765233307,-16.484679543990538
12986,-27.199935661370745,-25.042919558180387
12987,9.898388750739727,-12.98471341758643
12988,-0.6796814083823159,-58.394559782824444
12989,-28.181951939448307,-39.310303330037
12990,-26.589395517180588,-44.40611013341095
12991,13.909460874349904,-0.9765313998775815
12992,13.5191006715327,-5.800636499728865
12993,-16.7780187695194,-9.04072068379902
12994,10.78077438439913,-2.7521606732140307
12995,-23.217459062285545,-31.787231231154337
12996,-21.21505405153001,-40.221579070699676
12997,-10.21547477999954,-54.644411661407055
12998,9.83933218132799,-5.394460419022265
12999,6.7198201254252234,-12.42241969722722
13000,-26.125069972903294,-46.03570790768934
13001,-24.920669010314757,-31.335841090797953
13002,13.629001901497844,2.958316581426465
13003,12.733412179889543,20.976107013241293
13004,12.967968795819164,16.492423781719125
13005,-15.603220005050353,-9.278426995605594
13006,-28.517501846383766,-23.912417957504026
13007,-24.968640236555327,-47.532254204758544
13008,9.799077133888659,-20.08305308699581
13009,-14.71282999380647,-50.88202157418052
13010,9.479850057200315,-8.093056428558958
13011,10.01521697518214,-12.476300117314313
13012,-21.91824567147378,-39.83716673483637
13013,-13.463991545965685,-56.52754541206123
13014,-16.066439525225253,-54.957543425775555
13015,12.43435615962484,-11.23464726476422
13016,-11.816589947924031,21.031903194663467
13017,-29.21703787133321,-20.35685991162593
13018,-6.554423343067904,-58.366268615223
13019,-17.977732950063935,-9.277441406214049
13020,-32.044516647791475,-8.314475578299549
13021,9.402409646323555,-19.39230656696829
13022,7.034271010790675,-1.033851285146062
13023,-24.55199412047923,-46.902104567666406
13024,-1.4246793212968543,-7.906223633527476
13025,-11.466590969805939,21.27397048843172
13026,22.537609503477455,-55.48295221846169
13027,-24.604063019484983,-47.48209376662632
13028,-31.91085239799386,-11.810928803819703
13029,-26.863232117205158,-29.397537392882477
13030,-15.798391865191828,-8.966854476459176
13031,12.89154554904499,-10.732997556810405
13032,-2.4278224586338673,-7.881958150781589
13033,13.259316614140522,8.452974302926737
13034,-27.091206875963557,-45.651618039288735
13035,-16.45698394368216,-56.721168231073584
13036,13.801709455329716,1.3445531916963602
13037,-4.420106305221519,-57.66465092899833
13038,-24.48092413389909,-47.7275728077968
13039,8.495106758294796,5.069432389314227
13040,-29.052037443450764,-50.80975483356072
13041,6.989863869707723,-15.350993437499865
13042,11.877742096498734,-4.750352505653443
13043,6.589677827893105,-9.778754435273614
13044,12.158080022755977,5.0332949062249925
13045,9.923749837849527,-5.611216681932168
13046,-11.449143715326793,19.620323064819527
13047,11.37383940860424,-13.810343140062718
13048,7.959800640298052,-19.698995275672512
13049,-23.52293798487814,-15.694713242465197
13050,11.761131143619815,3.8742290352833173
13051,8.068106098653987,-14.336287062092362
13052,4.34817991602464,-12.047985278389676
13053,-26.42233217164887,-35.22535876312139
13054,6.400679218301474,-13.356655548154514
13055,-22.93050240949453,-15.027153696521923
13056,7.367583192370815,-13.374655099851886
13057,-25.658178419013087,-44.62060807825122
13058,-18.54226842118849,-42.820199234452765
13059,17.621226089780706,14.4112721395617
13060,-28.237538513012016,-23.792448396233276
13061,16.542581382187144,12.71531342141261
13062,-24.724721536749474,-47.966157240150864
13063,-2.5619192680970246,-61.15066044071514
13064,8.924917849161343,-3.241693825123177
13065,-13.48201718495253,-56.612152769138945
13066,12.13223622721802,-4.633768738880207
13067,16.356419653003375,12.18610272186689
13068,-23.617990067210048,-30.130993701503375
13069,9.66028532597144,-3.7760595269776602
13070,-26.632816348017272,-30.36889650837338
13071,-24.94904519909696,-31.245852677394645
13072,13.49212613834786,-58.845387051615404
13073,-23.66227959142654,-37.245163892688005
13074,-24.05670080342197,-45.64332265917249
13075,-11.27256381766162,21.719260085295055
13076,12.474032665518829,4.280131346145184
13077,-25.90973272957113,-36.12856172832197
13078,-28.769193695131833,-19.582514507110375
13079,13.761143912555342,1.5255594087234887
13080,-24.959076392390013,-31.010251001729788
13081,14.598347160497346,22.54011265686257
13082,11.954909375614179,3.807182824276208
13083,8.64889080432959,5.198795402377439
13084,-14.569672476706904,-56.389387148427915
13085,19.115790408935755,11.101869056962657
13086,17.59930159447392,14.455015374916115
13087,9.767993486546565,-3.148002857402305
13088,9.48432561233921,-3.059417586524726
13089,-4.835171131750138,-60.1054759444267
13090,-27.443370018586457,-30.811038197220878
13091,-19.142569554740454,-42.83080810215699
13092,9.829833971787552,-18.860604638139126
13093,11.877336881542474,-4.678950710013888
13094,10.022614635314131,-18.76772431167631
13095,10.931067110584225,1.170394596336358
13096,5.949363398662912,-15.510683045626713
13097,-24.81608156595089,-47.22458150759151
13098,-28.40739873330946,-23.247468942199504
13099,8.702442972782448,-19.427349660916764
13100,6.841237565265073,-8.7427452486587
13101,-16.71611568946101,-9.585846076261948
13102,14.566889343692552,23.175242451187366
13103,-33.143932180085635,-9.340934067550757
13104,9.414847176599883,-14.809237059033203
13105,16.546342490404957,-36.5773242408963
13106,11.2824309210937,2.5517895606928622
13107,7.927679397797727,0.2763668722964846
13108,13.47978857401937,1.4046622965282136
13109,6.840424650010588,-8.654720388387158
13110,11.016250922755379,-0.24590016202517015
13111,-28.361237382395508,-23.391603965374635
13112,7.7082581059184925,-19.429515730460036
13113,-29.36937656729753,-17.20602985508663
13114,4.830021120903856,-13.976956162975553
13115,-27.567004018291755,-29.305226930164956
13116,-21.27965784149897,-11.797143858226232
13117,10.270594505175726,-12.477561411466654
13118,-25.734326094911506,-44.1167259710975
13119,12.905980349567175,3.5538691572282506
13120,6.32952284406262,-11.79263971292023
13121,-24.107564865902052,-16.501338051657395
13122,-23.047341875137516,-15.258486254822788
13123,10.139258673285314,-12.651046746170302
13124,-28.04593522286854,-27.224754260569696
13125,-24.69055919938703,-51.50064594505891
13126,-26.99568335213403,-54.38531437687024
13127,-16.819771035956048,-8.871223169110218
13128,-28.016050486535203,-27.368528188796002
13129,10.150341637573284,-0.6663633578146537
13130,-16.84383171566669,-9.559972330205795
13131,6.932388825861536,-1.180620840403202
13132,-2.4033826015280395,-61.98814345653503
13133,9.543308731242636,-3.2138639881532325
13134,-23.8069783486128,-37.36730110178519
13135,12.09856227721945,-11.682527629546799
13136,8.019509548771525,-12.799135147016704
13137,-23.788834108186563,-48.65905532995535
13138,-27.34158764311635,-50.98277546558279
13139,9.853205911926127,-18.713682535468248
13140,11.288037547428441,2.212285731957365
13141,-25.939691705012727,-36.10023762219211
13142,7.352026443698672,0.4076556975989077
13143,-29.458358490926404,-20.54466840998738
13144,-27.30039153909794,-29.643111243946482
13145,-23.601247504147068,-37.33443360763929
13146,-27.217894585649354,-45.63172332658196
13147,11.133740464825102,3.1513549068522564
13148,-16.32334021143558,-55.494819282527445
13149,10.260483959161476,-21.694615319332097
13150,-13.487939329327002,-56.72714385091962
13151,-28.460301162040246,-39.306304553803926
13152,-27.18327410285981,-45.26721314578683
13153,6.745570645561449,-1.114801090393515
13154,-22.866781747596868,-51.49243309634112
13155,10.16079799432936,-0.5061725080152678
13156,-29.098270269816368,-26.545798797076078
13157,-25.226810653267943,-39.10947401751807
13158,13.089213754695264,-63.342275126719976
13159,-3.7024546375025245,14.042058781871221
13160,4.6534263025946805,-58.85910394125034
13161,7.6045079260625235,-13.904226664404211
13162,-23.11722844842585,-24.298912092953227
13163,-28.207766766711316,-30.993258030045357
13164,10.054855116451021,0.9663201331419745
13165,9.615855841056046,-4.777963659461798
13166,-13.520589165211833,-56.72343775929765
13167,-24.42621593742801,-51.691020950607935
13168,17.361172237394143,14.973385332059877
13169,9.487214204017937,-3.287976855728044
13170,-24.013966753067567,-15.73907238756406
13171,-1.2877757906202338,-7.703864394454906
13172,6.888638939860934,5.26676467637502
13173,7.383217428079569,-6.801443782810751
13174,16.236211192286966,15.044988659188366
13175,-15.997344542445623,-7.959771349542383
13176,8.728155052647507,-3.290431961163356
13177,6.565831426808478,-11.950403820404892
13178,-29.501360664418126,-19.834205044428263
13179,-32.044663618009395,-9.588271688770396
13180,12.27742979051277,4.282428696160069
13181,-16.777774171582827,-8.867892427534704
13182,-16.298334140047462,-56.65476561381679
13183,9.015116715804892,-4.259572508298996
13184,-28.459251374884275,-51.80528988184835
13185,-23.46736721489934,-49.438176596602105
13186,6.601424365516332,1.8290453700062275
13187,12.444908937581204,-58.67035010911571
13188,9.948375929554107,-18.630412787449295
13189,-18.819584753904262,-8.717255847819603
13190,-28.23882064569528,-30.998643265170507
13191,-13.59978394455925,-8.141668504006008
13192,-21.963596633769296,-27.12349094278552
13193,16.961205514983636,14.217344809987596
13194,7.252445501555995,-6.533055814498726
13195,7.655892459698088,-19.487819369438444
13196,7.291285645427675,-13.167041057830998
13197,-28.991860877947996,-28.718530044557223
13198,-15.576722796009419,-8.216887813475202
13199,-32.095985503508174,-7.7269665550345445
13200,-9.381350556128991,19.276755150029217
13201,8.566105723805963,0.5853259333184156
13202,17.303266868863425,14.690152416419249
13203,-24.7031459650507,-37.2594598237719
13204,-24.201785056962084,-16.557334200778207
13205,-27.3507924232068,-35.480848824554904
13206,8.91893954544092,-20.025403066723065
13207,6.769218645731943,-8.832733663221799
13208,-28.745625903851316,-39.469300965718006
13209,-23.911559405019183,-48.14673449872108
13210,-27.441854041789895,-30.645447631332303
13211,8.596101712990707,-19.811478284646363
13212,-16.549903630301444,-55.778846455581494
13213,-29.676608477724553,-19.958817360807625
13214,-26.89192534498939,-54.37802437098727
13215,4.525267747156474,-13.414576014170569
13216,-19.280172969395817,-42.86953808752136
13217,6.5369157116034025,1.909774811342649
13218,17.336481978498256,14.568808470743916
13219,-28.34739703224673,-51.84516181311441
13220,13.326829054137844,14.228441110523855
13221,-23.710369072293354,-49.09371361896347
13222,7.32923426052465,-6.065988424596249
13223,-33.182343059635514,-9.429804109500525
13224,-25.968336326666996,-36.171730230230644
13225,-29.02655244955913,-28.946445410853908
13226,17.798202158477046,17.44987692957129
13227,10.343324113323055,1.0843064234484594
13228,-23.949485746486477,-51.36823680704627
13229,10.61948272022277,12.852147828431432
13230,-18.203064626492836,-8.833803161653456
13231,-30.557791161819303,-42.55270768007632
13232,7.0135386633412855,-15.268776468113979
13233,-25.821146250812188,-37.73346080133974
13234,4.9142478698514305,0.14736561972157444
13235,7.862052155541048,-12.679668839225911
13236,-28.400260799822114,-51.89024349521946
13237,8.570473494885187,10.215577171823831
13238,10.18425555772331,0.2024026245278402
13239,11.051013378716839,3.0463832310780012
13240,16.74341124163747,14.434160309755086
13241,11.27717811171425,3.5120003486598903
13242,-28.381602959009392,-43.87538290799304
13243,11.571442099733796,9.484791002842934
13244,7.482064955270198,-12.79066903925285
13245,-29.14420447969355,-39.73012877069115
13246,19.852520726953916,-55.614971183189304
13247,7.205486231199437,-5.437259816602886
13248,0.7450522733055044,-63.52572989266666
13249,7.206429564366999,-6.3447481060219655
13250,11.383943434536445,3.6715063723734414
13251,-13.511645837176514,-8.258293485785442
13252,13.50362910135964,16.028816681668296
13253,-29.00561138872394,-18.825510749531155
13254,-28.43807514514138,-44.05564691516266
13255,-30.578455350287104,-42.609347132596994
13256,-28.39915203203162,-40.74862625245109
13257,17.79461389394369,17.48225135192297
13258,-5.985513372792861,-60.10093153719725
13259,-24.344974775797958,-51.43845856588552
13260,16.17109754448477,15.149601950377619
13261,19.486400748544344,-61.799306920614946
13262,13.770047726955859,15.862509441260325
13263,-3.522853645010528,-65.35450553886899
13264,-24.888778306414657,-48.43106638884168
13265,8.160860502303569,7.174533009657417
13266,7.460548065566494,-12.775525140965591
13267,11.155064460603258,2.2909856114371605
13268,-28.273054595395003,-29.2693290913528
13269,-29.19492529316005,-47.56641599296181
13270,7.64038994492634,4.743931433648712
13271,-44.617617612961624,-31.75875242111715
13272,-25.291885814706408,-40.28485731487583
13273,-27.90625635537584,-42.2321923135071
13274,-0.502091759273576,-7.277238881545918
13275,-23.55728646867453,-49.347929513628536
13276,-31.53784921700578,-27.126014319303383
13277,-28.632052682066693,-36.21289179673151
13278,3.8906225600773245,-11.952683179659134
13279,-26.009294988352472,-50.72829575775917
13280,8.583935733026586,5.09783991953112
13281,1.4602121598695716,-67.60578346503596
13282,6.107735678357604,-1.2242213945738252
13283,6.098404798327491,-15.465403360337383
13284,7.749629976613921,-19.31776052465439
13285,11.494556603535969,9.560613296429457
13286,-28.452502119749813,-47.642729822664286
13287,6.403576439967119,-17.60649325418393
13288,-26.346059761216264,-49.35809560113573
13289,6.949198629063337,-7.133933786929503
13290,-28.375736695493753,-29.78914482621848
13291,-29.741136502796557,-40.432832438498984
13292,8.61237515871918,9.101251041096898
13293,-27.081212963334156,-54.57297406940709
13294,-16.61630320944258,-57.30289158031079
13295,-17.384457274184093,-8.3719788195664
13296,6.268103567674886,-11.881089004743629
13297,3.6243771144760237,-11.712430968914088
13298,-3.5144782424683854,-65.61194553440825
13299,11.35832025987611,3.8259416162641937
13300,6.915712482595924,-7.32885204059255
13301,0.7429837676108483,-63.74160800954541
13302,-27.91982454552874,-52.94630340068254
13303,12.38262874453902,21.22797280297574
13304,-16.4046333951138,-7.7761946013854635
13305,-35.216655908004974,-22.828116456241503
13306,-32.610259870576265,-23.854635193849855
13307,-25.87648550521973,-37.78657276720357
13308,13.031287163986962,16.57610705400449
13309,-24.282089568898684,-37.30937961716924
13310,-25.32076355478629,-40.461787230923484
13311,11.844628459015114,5.344433789697808
13312,-7.436564312911268,-6.808731336620526
13313,-14.685736534262197,-7.2595177905798005
13314,-18.993833471737577,-8.565011954773375
13315,-32.10134036844311,-11.497925738799724
13316,-30.756736208175447,-43.4841010524854
13317,-32.83745642586294,-22.860803726400455
13318,-30.530771514906498,-44.59776789174114
13319,7.8173459243838215,-18.74373444586743
13320,-31.41579652273498,-24.069819798155027
13321,6.496628443338556,-15.998285473498502
13322,11.324083330373053,-58.95625669318687
13323,-9.642128601355306,21.976085024630102
13324,-18.91660017645662,-8.538500204957064
13325,-12.549889304145708,-63.12097467083863
13326,-21.366305014931072,-35.20613042422772
13327,-29.064526347748657,-47.79899357110528
13328,-23.414438506163794,-51.218859500945356
13329,-16.167653002786327,-7.626858678020639
13330,12.412744893375907,25.48053172007413
13331,-27.436916513133653,-35.39920277994858
13332,3.8875110680857983,1.3355152698309432
13333,6.78280872126957,-13.855854554128886
13334,-34.44428457185927,-10.887312048967257
13335,9.861066690268235,1.7200925726134864
13336,-16.732356990095088,-7.916703645800182
13337,6.938022917119439,-6.770527802289215
13338,7.059998239503675,-5.4421678145189025
13339,10.896588747642056,10.61966024344872
13340,-28.420304731940085,-29.358032312489854
13341,9.645057067675598,-0.9090737871112019
13342,8.885822167087586,10.775477099655356
13343,9.991404939727893,0.8345492515689071
13344,-19.247190460083544,-8.477684988114971
13345,-25.409632913358376,-37.718473205285484
13346,-9.703642052450572,-6.48637621255872
13347,14.35631383346286,16.653448331383156
13348,7.151043536660865,-6.224979060506561
13349,9.787728921643746,1.728803834062315
13350,-29.99712999038071,-40.76442397306949
13351,-33.22548138081626,-22.965015229663987
13352,-12.221247401739372,-61.11249362886301
13353,-43.59150740245639,-30.688112776321834
13354,-45.34208071618181,-29.93259602852167
13355,-26.307574546435305,-48.45839472752751
13356,-30.718989149930348,-42.57712935509261
13357,6.481112724142137,3.0997186671333683
13358,10.660824101901861,2.4947265879084366
13359,10.667110473693146,11.954951504873467
13360,10.717401534341551,10.583383905578508
13361,-27.511108957447856,-35.51943719399051
13362,8.086802958063876,9.681667483648523
13363,-26.617542278783077,-55.77888634200075
13364,-14.997385383159136,-7.159617026554139
13365,5.747342130872223,-1.4000773658916374
13366,3.478864581888892,-5.030274439661702
13367,-33.43678661691451,-9.331712640346028
13368,-25.71526012320787,-39.6580117387706
13369,-26.523782011591052,-48.34527212000329
13370,-3.539501857495962,14.376927517770225
13371,-6.876446685144014,-66.29125949519347
13372,3.4458721526937843,-4.0243209446963135
13373,9.493194442630314,-0.016324865420176735
13374,-30.748847189008917,-28.161037499840486
13375,-14.179634890689382,-7.575894143423808
13376,6.570667523840305,-18.096150794387427
13377,-29.735776537133003,-41.2038311129489
13378,9.13307875470264,11.23380135807085
13379,-14.697436873772759,-58.337863869487705
13380,-14.787688684929318,-58.29527472004974
13381,-29.955438437713973,-40.387423675953066
13382,-29.597169052788022,-41.48112399366575
13383,9.823109076303792,-0.3467292559495971
13384,-31.212684644248835,-44.80531444663432
13385,7.366183508865788,4.148061502609561
13386,-12.487881622270978,-61.89835516716604
13387,-29.243803943760483,-37.83388926653099
13388,-19.320346025403076,-8.561814445329277
13389,-37.04124051717389,-23.692371384535214
13390,-47.118826411419704,-36.96157250368055
13391,-27.554648267787073,-47.33849183358822
13392,5.896199683902243,-5.8791460261870965
13393,-28.176681245121763,-55.23753588301981
13394,-14.90362538747752,-7.2669577695348
13395,16.050696379952463,15.243641324597716
13396,12.223871048658626,17.04332796594462
13397,-30.167823628976397,-40.90412877072856
13398,-32.129687113524675,-26.632304773310764
13399,-31.998893962969635,-26.984574850437983
13400,-24.823102884012904,-39.683894060751854
13401,-14.974758965384614,-7.356531715340843
13402,3.5988706523235137,-4.08319775431759
13403,16.58322744373612,15.610152160988957
13404,-23.54146382062135,-51.24775233548349
13405,3.734835650174134,-4.453929142372972
13406,9.551802372840733,-0.026816039767469328
13407,-45.062371368403866,-30.122233046988892
13408,-31.52247751254158,-27.62678259914993
13409,-47.10000628116399,-30.70919908943929
13410,-29.772460073526336,-41.21682019440243
13411,13.813939000697735,16.904841706324973
13412,10.14055547983572,0.48182203425769415
13413,6.611918125029134,-6.97746383276799
13414,-13.69952129586071,-7.85901594749656
13415,-0.10429639290993542,-67.67472403603631
13416,10.108358169771368,11.571140845312526
13417,-29.761442033742085,-46.93877362231155
13418,8.694158486570029,10.784982903555852
13419,5.51631158388706,-1.5220859997705025
13420,-28.27257903149473,-53.45070724900276
13421,-26.426255170454677,-49.61717107910328
13422,1.159089196889372,1.4912412468165728
13423,-33.249052996239875,-22.060687620774978
13424,3.470012693901846,-11.241023022500407
13425,3.3761296437800614,-60.668561138223
13426,-34.22043218248037,-46.54675852124133
13427,14.254313853020511,16.919029650604298
13428,9.651317175309934,1.6887852520986062
13429,-14.257509300547172,-60.15543500755308
13430,6.310781142527193,-5.411111199105356
13431,10.43913519016412,2.5695509012358246
13432,2.864098949413841,-5.499034678912817
13433,-26.31385490310019,-49.497083171392276
13434,-27.433571525365743,-47.611170612799036
13435,-30.71779986563556,-44.77792509399714
13436,5.2002164807125455,2.7711058685152614
13437,1.176200052477456,-6.85820429663555
13438,-46.83816311523185,-30.52113429618693
13439,5.227011376076683,2.6598865169840766
13440,10.870146155250941,21.01429405094678
13441,-9.709268325738563,18.216476503488344
13442,-28.29069640883515,-41.65857818046923
13443,-27.524135583737227,-35.4675451663434
13444,4.381146519289896,-6.4957787897555335
13445,-37.236229625127734,-47.25989737512603
13446,-16.223813927885733,-7.297227516162161
13447,-28.274402913758575,-41.889664791990874
13448,-26.893101084432587,-56.343369617232575
13449,-30.613554094240346,-38.40933295245571
13450,-37.53972140068022,-47.855754797501874
13451,-45.32754064414533,-33.52328376886881
13452,3.3489507489999095,-4.822478197297176
13453,-45.1820663619004,-37.4111172100139
13454,-20.56979890345415,-8.039032685645731
13455,-28.368236233371874,-55.17273858647658
13456,-16.0709616711823,-59.15145302250367
13457,16.74203429136506,15.72434536057714
13458,-46.76307548012908,-30.730708567112487
13459,-45.63295157827565,-29.78215042540551
13460,-26.33135973281559,-52.741744863646886
13461,-24.819665566690333,-39.66125392316512
13462,-27.80842135052788,-55.8617513559635
13463,-16.16105391682833,-59.18124914472237
13464,3.9207440914848775,-1.5259048022462494
13465,11.149163873892158,-67.95435004563986
13466,2.8296793123019666,-5.642346836020748
13467,12.398992794793221,18.06636400307349
13468,-28.743119690188482,-54.970957503574475
13469,3.9084194943955572,-2.0801715475376357
13470,9.934789646702564,3.4445534525567463
13471,-26.82596082899854,-52.219106170531596
13472,5.364342822940396,-64.01680405403889
13473,-30.363942867139922,-39.83258903775801
13474,-15.490589072487648,-59.94517166547727
13475,-26.697020460976358,-52.546055467443
13476,-43.48825714821416,-30.65101838832161
13477,-46.60198046023927,-30.070721759343446
13478,-31.039273756349427,-42.655127665853364
13479,-33.46012433517055,-23.952459074074188
13480,-5.909106820539032,-67.47148973148657
13481,1.2133842162339608,15.472920114759912
13482,2.4011519738861766,-0.5398109654956774
13483,-23.719861338746416,-49.301211018626866
13484,-32.1844382457785,-27.103571654443094
13485,5.992315038750751,-4.246088976833143
13486,-30.617230620306703,-36.37184392452905
13487,-3.5796875052299653,14.840120349996047
13488,-8.99577803270696,-64.5896627877514
13489,7.862206055812556,10.421189747218705
13490,-29.2418385457233,-35.4311538722102
13491,6.164311523712451,-17.830083560343752
13492,-30.976618312415948,-33.17754012770875
13493,12.340179492178345,19.694518538211696
13494,4.838241152196085,-6.482128507835837
13495,-30.470829889179466,-47.65584964161427
13496,1.0876614112362086,-13.733175900925593
13497,-33.71703340653026,-8.078829081585695
13498,-33.76128221636555,-8.896553540148297
13499,-31.207852330139826,-28.550536709741028
13500,-29.07713754524625,-3.6486360373429396
13501,-32.8308673263746,-39.09972133742876
13502,-33.70903412406118,-7.815719257002013
13503,10.205114338289109,-68.10476540767267
13504,-31.010573864768435,-34.13515379069454
13505,-28.2130809771748,-55.8781327367021
13506,-31.828902525621654,-27.30407880418213
13507,-5.86813156235834,22.507662858179977
13508,-32.45185049248247,-26.786463323101398
13509,-12.516413102216221,-63.76327398005835
13510,-30.6215164438893,-35.12826695174562
13511,1.0232250935952771,-6.1230622586187735
13512,-38.333303534061656,-47.896162100193884
13513,1.2475414154501574,-6.567930155625837
13514,-45.74005537135709,-32.60095913931084
13515,-14.704856170730706,-0.14737680593334032
13516,0.6448514857809983,-6.585240380510049
13517,-5.540669563821386,-67.28832522349109
13518,-13.522072951004628,-62.21344106793766
13519,-3.4550620075549343,14.682146909184384
13520,5.028775405669451,5.781387363631405
13521,-20.649623959126494,6.957160936441594
13522,-33.59059975289239,-29.551023159536822
13523,12.211981297337282,17.002404000445434
13524,-0.28035473272229644,-68.33142965382335
13525,-33.65028462539244,-38.637952505512644
13526,1.0569453110086056,-13.731534724865861
13527,14.149361927766536,26.728622444180413
13528,-10.476355996820653,-60.42223154045503
13529,-37.7631020785795,-11.449589423583092
13530,-16.395656681850678,-4.523042093552647
13531,3.8397274874449434,-4.687037211394171
13532,-26.92496739746408,-57.22868660304226
13533,-3.481370165911486,14.728376298573659
13534,1.1486319864821553,-13.955263465714447
13535,1.515196032134511,-9.72536391598182
13536,2.428522025074429,-12.076104229284626
13537,2.058115547319038,-12.097832252411658
13538,-5.6026328513009975,-67.6059073736991
13539,16.660867385310027,15.801017755622187
13540,-39.18748045710246,-46.68732821623092
13541,-15.6665873392838,-6.0107808856700276
13542,6.334306332199035,10.420873248990157
13543,4.899681472712681,-5.107792402268799
13544,-34.62032178643111,-21.684573244666154
13545,-17.0099907655216,-58.23803619841476
13546,7.203608802931384,11.956655557256454
13547,1.5636066414149903,3.9580946408913524
13548,-17.070434014571877,-5.404399607491551
13549,1.815319856050022,-0.9471829908781692
13550,-38.67318978110247,-13.894149911807974
13551,-1.7570591749091176,-4.167479666290528
13552,-46.35170787835029,-32.654085098438884
13553,6.862318966242927,14.518264093472336
13554,-18.453862231058675,-59.01371967715724
13555,-45.65865867832373,-27.826044168617326
13556,1.7451334433341958,5.203700418479274
13557,2.921476049535338,6.454423185749365
13558,-39.85153334679068,-48.44832102352515
13559,2.4723183934696102,-12.242492105345576
13560,0.6730187186850454,-13.850214546849301
13561,1.91630605384267,-4.045307690249536
13562,-39.92036415024862,-13.318821779608626
13563,-31.369436501759477,-36.169739631207115
13564,-39.29405804419382,-14.742992406232418
13565,9.565570094423625,22.33351301413334
13566,2.922176136851341,6.508016947616229
13567,-30.886951413074556,-35.203092833655404
13568,-37.13328446081797,-33.727661963295795
13569,-9.3943160952921,22.48641077652756
13570,24.256297592871288,-61.40500464330431
13571,-37.748254915870604,-28.329330297280027
13572,0.14088953611455324,-14.017596780482771
13573,-32.02751776717086,-36.44744518939078
13574,-28.778936904119526,-3.0423675115973414
13575,1.8827735640379704,8.242012137454452
13576,4.419538046814515,-60.361630260699776
13577,-33.85250676774069,-25.404740825123927
13578,-9.812521774464209,22.177965879494863
13579,6.754570149619283,11.939932514668037
13580,-31.75419475820221,-36.55926412134244
13581,2.979518979060471,5.836440132523318
13582,-38.40315275919758,-14.835329828260154
13583,5.994045289352446,11.71819261157845
13584,-46.17719597575592,-33.02794383033748
13585,-0.8766502952055069,-5.156926418323398
13586,-46.90620446131978,-28.929744995271292
13587,13.639891403499817,21.27542044074147
13588,-26.86575547230917,-1.6372814499044865
13589,2.28597475132745,12.835863442765321
13590,-31.257752057989457,-33.76626136613362
13591,-46.82604413973832,-29.216183208095217
13592,-12.176569799140605,-64.3675485051436
13593,-0.8557345458755853,-13.317007106569484
13594,-38.35608140142667,-14.20672820385734
13595,1.805147348318036,-2.3854195748352147
13596,4.849215054849504,-5.774211508473418
13597,6.758716615126563,14.797153480136153
13598,-7.861878867114788,20.621433303446345
13599,-14.983658033637326,-59.77869072570349
13600,0.8832098780024884,-14.899408254484419
13601,-49.25452727077028,-30.68066196289357
13602,-34.04163440877229,-25.065551167753025
13603,-16.76614249014535,-3.915746538351353
13604,-37.57379405164988,-28.116628791954074
13605,0.2955178652939897,-11.3244132507787
13606,2.8337472178809775,6.2587874305624265
13607,-39.03852149761759,-47.09864183680296
13608,0.6705486329465172,-5.451499717979774
13609,-0.8778030109862153,0.603089110155266
13610,-39.8417873438092,-13.565285437310772
